% # columns="iteration, evaluation, sigma, max axis length,  min axis length, all principle axes lengths  (sorted square roots of eigenvalues of C)", seed=191369, Wed Dec 11 22:17:06 2019
1 11 0.46969701692620225 1.0000458343836967 1.0 1.0 1.0000041666753472 1.0000083333680556 1.0000125000781253 1.0000166668055563 1.0000208335503487 1.0000250003125026 1.000029167092018 1.0000333338888951 1.0000375007031337 1.0000416675347343 1.0000458343836967
2 22 0.44900025155244194 1.0571761544294194 0.9310503834629532 0.9310503834629532 0.9491371862301938 0.9731052089934775 0.9891953838900928 0.9907340140380133 1.0000161778429333 1.0000262123295285 1.000559758978313 1.0008367425631643 1.0118017157831287 1.0162615888589128 1.0571761544294194
3 33 0.41350962032975186 1.073749526725574 0.901367030357115 0.901367030357115 0.9254730837782777 0.9629138050071615 0.9673696869972949 0.9718188699608333 0.9813985274115631 0.9935355075429836 0.9988121868725005 1.0116427727834858 1.0150042927609078 1.0404242170382547 1.073749526725574
4 44 0.3864628170330945 1.075323963019719 0.8935011150583619 0.8935011150583619 0.9040799471402314 0.9325195985554139 0.9502350314129638 0.9552620678713226 0.9696355120317937 0.9911202212237558 1.0007921166408107 1.009069600698601 1.025393307080479 1.041451847335818 1.075323963019719
5 55 0.3600393948967615 1.0521776746969094 0.8495170833490758 0.8495170833490758 0.9026729486509845 0.916547011924718 0.9439810487617935 0.9535374496371596 0.9704770956786579 0.9767085092480585 1.0067863246106765 1.0121825775962596 1.0437185100609228 1.048702084699679 1.0521776746969094
6 66 0.3442870115628732 1.0937882477510943 0.8300623304936311 0.8300623304936311 0.8944634669439181 0.8963588243755175 0.9086626318812873 0.9489782098209256 0.9575723127931867 0.9721716587831569 1.0056803758588815 1.0112067397352729 1.0461899172093125 1.057996210001205 1.0937882477510943
7 77 0.3367854437013123 1.101033336402809 0.8337574125064696 0.8337574125064696 0.8670480030303769 0.8966786307467385 0.9052154248506303 0.9294882462410472 0.9583583182360726 0.9641637260810227 0.9946091399389126 1.0016411484614842 1.0334923835057541 1.0668736943032457 1.101033336402809
8 88 0.33141913697334124 1.1386960998819289 0.8198900753578223 0.8198900753578223 0.8597639260324575 0.8761255491904235 0.9052486372736344 0.9251360680099022 0.9262667130808552 0.9634729455414796 0.9754702558085536 0.9985799100641274 1.0333346333404954 1.070181545084931 1.1386960998819289
9 99 0.3123481897088635 1.1515283079202374 0.815047037106873 0.815047037106873 0.8347274083936042 0.8725303555289269 0.8893762361842591 0.9141432535861005 0.9253693327092838 0.9476548053994391 0.9752913048840565 1.001630652930183 1.012956670876116 1.1091142555317297 1.1515283079202374
10 110 0.2747621438176564 1.156942934248521 0.7961615821011196 0.7961615821011196 0.8170816684620907 0.8478712266598608 0.8809892651688485 0.9066310078902639 0.9200167533302306 0.944225924134786 0.9631505245513106 0.9964805222587237 1.0170421370013256 1.1282309649538622 1.156942934248521
11 121 0.25237978358172436 1.1572862313310468 0.7899333437659868 0.7899333437659868 0.8114271184202307 0.8249512935693472 0.8730915067731629 0.895897186546738 0.9046386207810612 0.9468786178059347 0.9596894280533899 0.9957684416816879 1.0114544574979152 1.1186394063509466 1.1572862313310468
12 132 0.2431346595984919 1.1509877887997473 0.7808142941562208 0.7808142941562208 0.793002004573342 0.8245370976927698 0.8623168991841283 0.8770753862519883 0.8980687927447347 0.9391652444812252 0.9657354395451936 0.9912486547294206 1.0249182235221057 1.1094624779257134 1.1509877887997473
13 143 0.23316105134532136 1.164756039409761 0.7654332486922547 0.7654332486922547 0.7974830932348907 0.8258612879705849 0.8476458373747651 0.8686290417411459 0.9009216945561377 0.9227695831233019 0.9516184286159772 0.9861387622391291 1.0272724927852437 1.1412572942141153 1.164756039409761
14 154 0.2160841896909551 1.1604078606748198 0.7560967581507562 0.7560967581507562 0.7864927220754445 0.8192609737280527 0.8452821234966386 0.8870543679197399 0.8901730138133376 0.89933545416666 0.9542226828505148 0.987048648679916 1.042038666722878 1.137401936635911 1.1604078606748198
15 165 0.21321151935478322 1.1745770287337374 0.7549683332766112 0.7549683332766112 0.7917979523196632 0.8092181120236155 0.8339088603519395 0.8641918129718738 0.8889423898891275 0.9026065456986965 0.9433037712769949 0.9874153044296734 1.051926531147611 1.127935995925975 1.1745770287337374
16 176 0.2244971253881041 1.2045642831629364 0.7360638386518888 0.7360638386518888 0.779178717711516 0.8031867537386784 0.8264424683772474 0.8613570951171268 0.8804033925266647 0.9027846271130971 0.9439550541380233 0.9630755251260096 1.0532358372486246 1.119837668264901 1.2045642831629364
17 187 0.21903236704615117 1.2633558465413248 0.7279932536982023 0.7279932536982023 0.7739448155340809 0.7974480953979721 0.8183718100381538 0.8536284244187949 0.858905422434511 0.9003154514850212 0.9411217706549411 0.9659448855579363 1.071230213449108 1.1029334569181433 1.2633558465413248
18 198 0.2082934791723543 1.2743620779814087 0.7103596393571401 0.7103596393571401 0.7491275435183973 0.794484579585748 0.815226777103656 0.8452706882303979 0.8603704298038629 0.9080039754774782 0.9396162624751768 0.9618093939927366 1.0611237169430205 1.1053576392022946 1.2743620779814087
19 209 0.18939182582583802 1.2693420110860572 0.7018988361039208 0.7018988361039208 0.7295953328713164 0.7870081121913405 0.8077808527714379 0.8206689907254735 0.8565193900758553 0.9134205010615112 0.9298975514815079 0.9740737052980203 1.060073935090644 1.1056593475224665 1.2693420110860572
20 220 0.18687664673511228 1.2508396806005868 0.6950497776591652 0.6950497776591652 0.7343396130650253 0.7763709843162591 0.8058347057234405 0.8103527527462234 0.8299401505362123 0.8885917711377805 0.9176872785357986 0.974847566805281 1.0611274223610752 1.1089417988582377 1.2508396806005868
21 231 0.17109589555878169 1.2416906717444995 0.6873769429047578 0.6873769429047578 0.7311494891745799 0.7775502810466884 0.8026861661138097 0.8109744805987793 0.8320824373656898 0.8926413415325799 0.9165453580957472 0.9859034386639096 1.0531374913014677 1.0876672642286314 1.2416906717444995
22 242 0.16781236709054875 1.2341992603737357 0.683669682920218 0.683669682920218 0.724887207703716 0.770135285315863 0.7889941370900371 0.8118202418725783 0.8243909360719905 0.8894848496468348 0.9130612717378409 0.9758379108963476 1.0525634408820044 1.068554010945168 1.2341992603737357
23 253 0.15267936258317585 1.205503131075985 0.6763820996220529 0.6763820996220529 0.7234107729064821 0.7637082229781016 0.7808081347868311 0.817422683923809 0.8311430222351937 0.8878451462001984 0.9102491101180687 0.9630811046065482 1.046064233612471 1.072921310867941 1.205503131075985
24 264 0.144090046758025 1.1908222621079465 0.6614027153450504 0.6614027153450504 0.7275044234514317 0.746538951873458 0.7725900795949541 0.8141123810581959 0.825426187119568 0.8729320988432254 0.908112004630088 0.9690016812940172 1.0411346777880406 1.0715972625987642 1.1908222621079465
25 275 0.13541301767164426 1.1800671049179898 0.6323239729947342 0.6323239729947342 0.7253067528127956 0.7489078541632814 0.7666939509703541 0.8026207107002267 0.827470582545709 0.884240248256441 0.908438686435053 0.9460828247842554 1.052111565494079 1.0639977791459487 1.1800671049179898
26 286 0.1264037939980127 1.166177076492242 0.6273047242478804 0.6273047242478804 0.7204325796891399 0.7353297248622406 0.7692075271422268 0.7980831835256997 0.8086234700340382 0.8717017460116381 0.9150870347958427 0.9319684429046956 1.0328494227201137 1.070566071635177 1.166177076492242
27 297 0.11580818544299402 1.1922181770817348 0.6277780730451519 0.6277780730451519 0.7001750872636487 0.7336085441247313 0.751894541611742 0.7935021923646625 0.8191885061183661 0.8579682428861233 0.9025660407464337 0.9362653926110456 1.0246919256682172 1.034648199176519 1.1922181770817348
28 308 0.11426046632254976 1.16918695967182 0.6250398741317255 0.6250398741317255 0.6986566277968319 0.7217813143943103 0.7369755212894962 0.7831945051476428 0.8109056336520493 0.8510864069062807 0.90277230438724 0.9186247505314512 1.020698924327999 1.0458395489061059 1.16918695967182
29 319 0.10765691906863954 1.1778731542858583 0.6193838623804809 0.6193838623804809 0.6879551884495047 0.7155524555213855 0.766973988967373 0.7879565232112201 0.8016960272352781 0.85992709529644 0.8960972788777619 0.910176186655887 1.0095225144523987 1.0251448076283893 1.1778731542858583
30 330 0.10199309944547746 1.1730329315400219 0.6161835212815667 0.6161835212815667 0.6805741119824547 0.6978090311879 0.7640409253592169 0.7743795544569354 0.8023474671095047 0.866365591605178 0.8868121305043987 0.9240575868416381 0.991002260184666 1.025641843654573 1.1730329315400219
31 341 0.09471295308539321 1.1481428527315283 0.6108705405181533 0.6108705405181533 0.6782937410560471 0.697868028834242 0.7535588453926703 0.7741861026972983 0.7942539791110229 0.863396288571567 0.8823276995361614 0.936131612408276 0.9725537183695293 1.0027814478215442 1.1481428527315283
32 352 0.08725150064925682 1.126976928728951 0.6047807131360031 0.6047807131360031 0.6719902750519798 0.6875541615582897 0.7504844179408172 0.7672980765552034 0.7806123333723001 0.8569141131292031 0.8895756047652442 0.9301017687721831 0.9773027516678103 0.9946458410000004 1.126976928728951
33 363 0.0769033742721044 1.133421402586836 0.5953930149063965 0.5953930149063965 0.6639903413421967 0.693337800654543 0.737622108351241 0.7548395105412403 0.7848317393011445 0.8534582323257996 0.8762355025157659 0.9092406968717898 0.9680102634925735 0.9876802814873469 1.133421402586836
34 374 0.07034790731306498 1.1257472724871647 0.5868623357063482 0.5868623357063482 0.6628579176960636 0.6962433229511734 0.7255598941342928 0.743368530611196 0.7786930226093458 0.8369577904244688 0.8857439439133826 0.9128590099154197 0.9525211393187067 0.9604238533331938 1.1257472724871647
35 385 0.06625899226411644 1.1142383284301831 0.5779004315250706 0.5779004315250706 0.654102099062444 0.682996655742261 0.7242724228963976 0.7385193125704459 0.7627639512404047 0.8203635017814213 0.8914532335660769 0.9173720489136006 0.9560874840426697 0.9677752144333548 1.1142383284301831
36 396 0.062138927432099963 1.115555546862741 0.5841988036091074 0.5841988036091074 0.6559256795501436 0.6842534443963506 0.7038496920882096 0.7361578269934163 0.745776442499429 0.8160361249725437 0.8859197520956337 0.9156195928651348 0.9383251555201935 0.9656689831879507 1.115555546862741
37 407 0.05965680958547467 1.1186993220324308 0.5854977976239409 0.5854977976239409 0.6429024920752736 0.6829822608700976 0.6979651995901414 0.7225506204886405 0.7488861984782589 0.8103879628221901 0.8719655399686234 0.9203738830426433 0.9215631622700511 0.9533744844288141 1.1186993220324308
38 418 0.05452315980779177 1.0953830487346916 0.585191762662798 0.585191762662798 0.6277703418238756 0.6734514487638772 0.6941469249583443 0.715989490250101 0.7479995504200097 0.8155919697150106 0.8807616722779336 0.915402881101276 0.9386652799937191 0.9480175248588597 1.0953830487346916
39 429 0.05180174023405451 1.1061169461696063 0.5904354659114968 0.5904354659114968 0.61079867302551 0.6708830671357263 0.6941409537085921 0.716288584437035 0.7480675018840165 0.7982517390735224 0.8658981048980074 0.8861556640922618 0.9201475845505723 0.9554833099222044 1.1061169461696063
40 440 0.047631254553090106 1.1012131797651812 0.5833643659341587 0.5833643659341587 0.601404782445249 0.6650551324716794 0.6916525036383427 0.7122454559821946 0.7518662272840572 0.8055593658439032 0.8358655593386504 0.892334734599424 0.921055135275257 0.9782817664264616 1.1012131797651812
41 451 0.04525461780880775 1.0991471688795103 0.5851260366041535 0.5851260366041535 0.5959579162549719 0.6468559136066407 0.6757502106812786 0.7164783494019217 0.7408720242288567 0.7820583354186111 0.8393362800536169 0.8863792208058009 0.9111956173682375 0.9885490656490846 1.0991471688795103
42 462 0.04341727622163232 1.067959391308481 0.5929164360908493 0.5929164360908493 0.5958355925608576 0.6503526752833986 0.6666642617201836 0.7004854587224544 0.7279716063040562 0.7959982013458905 0.8421208489240454 0.880993232519531 0.8983975202083243 0.9884318789992238 1.067959391308481
43 473 0.04205578077520322 1.0621464071505857 0.5882210772183196 0.5882210772183196 0.5972520776438092 0.6463839524515704 0.6700842716138207 0.683565899684371 0.7411772350311306 0.7925061215851131 0.8230628159773336 0.8677705223664256 0.89173380089753 0.9811111694045725 1.0621464071505857
44 484 0.04069645396895416 1.064438457480671 0.5835656337286164 0.5835656337286164 0.6019066072679647 0.6359959459700528 0.6502318343173005 0.6765787648975046 0.7470096716162542 0.7862630595015914 0.8210465432903304 0.8791615010909706 0.8971808477245447 0.9837914013769281 1.064438457480671
45 495 0.03858432326747497 1.0866287694126404 0.5805505173897159 0.5805505173897159 0.6135881327375696 0.6301950076567926 0.651217376508593 0.6763775981332868 0.7216237665328591 0.7871951307296045 0.8166062945467842 0.8553187713235235 0.9109302251537136 0.9833472001957997 1.0866287694126404
46 506 0.03343619556506947 1.0979932344237504 0.5762753844008726 0.5762753844008726 0.6001576881596925 0.6279239720328286 0.6359861458282161 0.6910180121871397 0.7140828556397166 0.7774360151381104 0.8138268151966433 0.8604421580312102 0.9094508428340959 0.9608829492415175 1.0979932344237504
47 517 0.029044671800284264 1.0910825718085917 0.5709075751181576 0.5709075751181576 0.5942473327556941 0.6093402135737193 0.6226068939042577 0.6884737179499242 0.7095196746685467 0.7710036083950438 0.8092024839532105 0.850503075656102 0.8882119244037725 0.958757930675118 1.0910825718085917
48 528 0.02555885715925059 1.0938292646397414 0.5517190865219437 0.5517190865219437 0.5851439577264234 0.6013438851415076 0.6121659212601381 0.6831186169144695 0.7069027738914941 0.7655608627617435 0.8063608585493593 0.8358064998392172 0.8870100950375577 0.9678122033293609 1.0938292646397414
49 539 0.023368819194754042 1.0825451104267259 0.5418412134399251 0.5418412134399251 0.581394993684258 0.6038919979688449 0.6116214642590616 0.6783400296758225 0.698373187798048 0.760148351549318 0.7978950723925533 0.8271387470587951 0.8911384320747995 0.947524280116109 1.0825451104267259
50 550 0.02231629970113472 1.075736511278084 0.5367651263540942 0.5367651263540942 0.5708861051520749 0.5999848347030046 0.6143203038163899 0.6802831308296938 0.6898783173538173 0.7561024305510852 0.7776055137266882 0.812286629324052 0.8811047909821029 0.9429871973191767 1.075736511278084
51 561 0.02133961864984708 1.0685971623967017 0.5346236464493153 0.5346236464493153 0.5640527835437417 0.5956122691912568 0.6160866350042753 0.671239389836972 0.6788313736512676 0.7392522411083949 0.7857319196181843 0.8176369467052881 0.8816780342646467 0.9508407525357608 1.0685971623967017
52 572 0.01958166239215432 1.0695038327604125 0.5290669072042267 0.5290669072042267 0.5616486831461857 0.594808283132743 0.6136284473296377 0.6566756986711378 0.6641083311147156 0.737756746775102 0.7863311248441214 0.8014945159637609 0.8820021582603174 0.9434388544714514 1.0695038327604125
53 583 0.018488738073828042 1.0809467191189583 0.5280016411746856 0.5280016411746856 0.5580179782246967 0.5932880139856809 0.5999732307926312 0.6604618203278765 0.663544448772054 0.7234128712759648 0.773357498548851 0.8001457343510942 0.8712859387184985 0.9228373471588811 1.0809467191189583
54 594 0.01778917512476836 1.0870997961544502 0.5197944038719768 0.5197944038719768 0.5556610027013351 0.5956354788591417 0.6150941369932331 0.6519545856653269 0.661787292991362 0.7151210505108723 0.7662118267145609 0.7982692483502015 0.8625953321138006 0.9149003198668858 1.0870997961544502
55 605 0.01669655231243263 1.0947426299041874 0.516989082914116 0.516989082914116 0.5522972486707045 0.5930883468338283 0.6162162474511866 0.6525031840852137 0.6620636536605292 0.7103802701462479 0.7571932080725358 0.7809060869879642 0.8628469530282757 0.907292653099172 1.0947426299041874
56 616 0.016793534687721462 1.1020741361621338 0.5202001151531592 0.5202001151531592 0.5488545960656048 0.5897090582044273 0.6149030609975564 0.648544553334527 0.6645048179597776 0.7041832455138314 0.7388509176357255 0.7548692783633463 0.8600506437031872 0.9255892426728244 1.1020741361621338
57 627 0.016808160473003545 1.111580293411895 0.5140866418191173 0.5140866418191173 0.5411781267100223 0.5879830028364335 0.6125662762374265 0.6559700432906874 0.661220245703601 0.6903375695770764 0.7299873888212002 0.7785613708398967 0.8523605160260033 0.9175605920773756 1.111580293411895
58 638 0.016631449377994184 1.1447198602254527 0.49484457000834886 0.49484457000834886 0.5475971870907582 0.592056703301897 0.6070726665773545 0.646251817398978 0.6510146411756565 0.6762158430482339 0.7324116283366882 0.7748665865795912 0.8507767766659435 0.9098262861838469 1.1447198602254527
59 649 0.015823084563049365 1.1658019110477549 0.49910035509517814 0.49910035509517814 0.5421970956439796 0.5764483919417649 0.6043332090506955 0.6376869667580078 0.6416369243363549 0.6710232014472506 0.7393653571507325 0.7626610937524001 0.8410171625286256 0.923180367119046 1.1658019110477549
60 660 0.014770394304091099 1.1549949591596171 0.49231080522226495 0.49231080522226495 0.5394337468146261 0.5609258349726423 0.6035405282747733 0.6307533448966158 0.6406915707501152 0.661286121671584 0.7370175262344109 0.763279672697899 0.8372025655327937 0.9140340420308627 1.1549949591596171
61 671 0.013831751695246898 1.1639406654363995 0.4853618579352085 0.4853618579352085 0.5346454724394166 0.549177747378982 0.6026075756357004 0.6171071129595385 0.6337703972252513 0.656406072614885 0.7196853085958145 0.7583600021168995 0.8243910187830664 0.9148642285414069 1.1639406654363995
62 682 0.01346557833056482 1.156450698796415 0.47550197499576957 0.47550197499576957 0.5243091341212283 0.5490705841716849 0.5991627813555909 0.6111510694638627 0.6353932751983193 0.6552661857490596 0.7052068197161855 0.7532357127017432 0.8202688679894692 0.9168769086254767 1.156450698796415
63 693 0.013482214632349445 1.1712470993915025 0.47899784651505706 0.47899784651505706 0.5210931479931035 0.5426216875586815 0.5677332066089102 0.612753062575539 0.6382160004704523 0.6591217687200591 0.6895435519760768 0.7514891944020887 0.8374721041408362 0.9097971475499126 1.1712470993915025
64 704 0.014095005412996648 1.1677352853475715 0.47876989327504255 0.47876989327504255 0.5068573566487267 0.5404416587939879 0.567380688201035 0.601581950168713 0.6345936156849235 0.6595044188997152 0.7073513418620425 0.7566224323311028 0.8467593967726427 0.8950682576868768 1.1677352853475715
65 715 0.013910117985857774 1.2553425425098383 0.4797280812700757 0.4797280812700757 0.5016825386856307 0.5384581316273286 0.561935341233164 0.5946333299445616 0.6351226416301463 0.6540288507045954 0.6997448139479842 0.749740630493674 0.8354217594986673 0.8832055853101938 1.2553425425098383
66 726 0.01404130931260966 1.2449897213296741 0.4756593694901612 0.4756593694901612 0.4944436210536278 0.5281025861290289 0.555398571895347 0.5947068044998107 0.6270560354433282 0.6582640584187981 0.7006774819499757 0.7669267436152741 0.8377019313127142 0.8596817520371037 1.2449897213296741
67 737 0.014170211645773683 1.2856873189232962 0.47859001831740916 0.47859001831740916 0.479953356269248 0.5311078824814747 0.5485904009818142 0.5929800189495177 0.6303371271674589 0.6734084756092923 0.6878625481591121 0.7569344118762275 0.8092342496677447 0.8547762125398708 1.2856873189232962
68 748 0.01376949672814033 1.2855207126132837 0.47462591168410734 0.47462591168410734 0.4920939976748222 0.5198155562498425 0.5406308285175155 0.5904864937877597 0.6269326385711392 0.6670258678802365 0.678987972919377 0.7518927251092353 0.8036189368894164 0.8572112327245066 1.2855207126132837
69 759 0.014437700943144643 1.3051708554597612 0.4749503240724745 0.4749503240724745 0.49186468438477 0.5113466901854061 0.5404704882859029 0.5841971859051307 0.6274715443895732 0.6608100830531234 0.6735456440644774 0.7411114647589836 0.7951431591518224 0.851552931259556 1.3051708554597612
70 770 0.01615066167411253 1.359937654189097 0.470107596912542 0.470107596912542 0.4882380221827031 0.4924350206357489 0.5440146720429901 0.574200922048725 0.6272600540375839 0.6652070809285183 0.667682290580162 0.7381726323384711 0.7904353380863915 0.8557281939463258 1.359937654189097
71 781 0.017530474290233716 1.4624097862952554 0.47066278610077183 0.47066278610077183 0.4857020212943392 0.496645980267092 0.5472202007620746 0.5618064202193884 0.6265975221276614 0.6526963755605019 0.6641263715063628 0.7286305759484468 0.7878719078640588 0.8614362422253736 1.4624097862952554
72 792 0.01821339236546138 1.5306806537094462 0.475102890935506 0.475102890935506 0.4840021186504427 0.49600397244692096 0.5525171928246388 0.5564497025515939 0.6204855894962505 0.6334088102574946 0.6607112912009102 0.732255788916008 0.7734848816002664 0.8570486233742128 1.5306806537094462
73 803 0.018757863045595496 1.5962900267702655 0.4648789506734372 0.4648789506734372 0.48408675299963677 0.4958976307403802 0.5327179694790024 0.5557992765388642 0.6154167257680625 0.6431976282028145 0.6562698545933879 0.7097050964974332 0.7597404949798299 0.8647489437888819 1.5962900267702655
74 814 0.018908631483081386 1.6728495752606125 0.45654050114701017 0.45654050114701017 0.46888378423399063 0.4924723215365002 0.5367112959466441 0.5485800145695067 0.6139417213870197 0.6345099736178086 0.6477273763468068 0.7131760865795664 0.7534474427420096 0.8557057975958107 1.6728495752606125
75 825 0.020003414835130583 1.7369393836917746 0.45437011341718025 0.45437011341718025 0.46443046000520133 0.49400906555618507 0.5315677895335915 0.547265416836657 0.5931676034809574 0.6227153937438733 0.6517500096736656 0.7147503992615147 0.7540818763652343 0.855946836544017 1.7369393836917746
76 836 0.01910906492690347 1.8465087203242958 0.44500693274876724 0.44500693274876724 0.4559770600809709 0.48056416497736737 0.5296530815271261 0.5470044257845482 0.5752139589755552 0.6237054174056277 0.6420221966696035 0.7239372444396813 0.7569641612914848 0.8564940722940261 1.8465087203242958
77 847 0.01859739367264046 1.884238166555036 0.44268535046183244 0.44268535046183244 0.456329381384549 0.4794119779337069 0.5183817674825121 0.5488282813109747 0.5677221362586925 0.6092720240449104 0.6385398440326813 0.7204172803787291 0.7513879915331207 0.8397258709509156 1.884238166555036
78 858 0.017634375402902133 1.8956867438379645 0.4371540563327717 0.4371540563327717 0.4612569807317533 0.4874533838800384 0.5215178274287252 0.543585675950481 0.5575107864656966 0.60229853033724 0.6292648517925737 0.7157150430869184 0.7504937541444953 0.8252943098050316 1.8956867438379645
79 869 0.017329899793180857 1.8977556367131398 0.4327677818931377 0.4327677818931377 0.46371331673730354 0.47284257052310913 0.5149574554393094 0.5390373455036886 0.5566740281025562 0.6102368616346556 0.6331406561836446 0.6977176660619939 0.7437581098927899 0.8231813256120845 1.8977556367131398
80 880 0.017171048454882796 1.8738653555877618 0.4299927436219269 0.4299927436219269 0.46207249537415257 0.4687059989744374 0.5143443740845486 0.5366739666828891 0.5582043959436896 0.6154596521644173 0.6391308121638062 0.6790073289571175 0.7329477825233229 0.8122196172684152 1.8738653555877618
81 891 0.016606173403224934 1.8708048522395129 0.43029907581566523 0.43029907581566523 0.45897020157691776 0.4682862707874155 0.5049202749204619 0.5192365479878422 0.5551216292014468 0.6051579124504333 0.6399877866655548 0.6753118593117214 0.7411836523724217 0.7992529855522434 1.8708048522395129
82 902 0.0171834746045761 1.9019498417024954 0.4239750960622851 0.4239750960622851 0.45746041674269433 0.47044848328622435 0.48255818558585817 0.5108171975767989 0.5474916102793322 0.6009911956377828 0.643710653300667 0.6736281997800233 0.7476776874515944 0.7910307145180436 1.9019498417024954
83 913 0.016947343297994313 2.01531526761591 0.4284565751432487 0.4284565751432487 0.4329052546508221 0.469131016332074 0.47699550060498486 0.5023727938578274 0.544149139127472 0.6008133994911055 0.6546929408774239 0.6681240391566139 0.7488855577405809 0.7920346192014696 2.01531526761591
84 924 0.01717288559623747 2.0321773421024663 0.4259218751521252 0.4259218751521252 0.4319746253657728 0.4627649757185905 0.47057338638835583 0.5069274124699479 0.5490621871998557 0.5716797278299467 0.6565186259152551 0.6718166885871993 0.7461837856097089 0.7918720822123605 2.0321773421024663
85 935 0.017020958625037448 2.066089315501563 0.42259804121542194 0.42259804121542194 0.43155220535615235 0.4490457364858822 0.46552698824650857 0.5116339347040472 0.5433157484959427 0.568221625973346 0.6458492596881196 0.6824799748668229 0.7469720616797331 0.7805759866078904 2.066089315501563
86 946 0.01686498802496253 2.0021669483443696 0.4288607987075462 0.4288607987075462 0.4330746521533801 0.44447795659537065 0.46345474810128917 0.5146170618974109 0.5559973988543356 0.5622088102133829 0.6415115408797658 0.6965588179515843 0.734282039378843 0.770242854091754 2.0021669483443696
87 957 0.016782609259187564 2.0635513134663994 0.4184685113067007 0.4184685113067007 0.431542324929972 0.441155524653967 0.45813958944321476 0.5043687972071906 0.5373625738256077 0.5559835686314184 0.6447268375773311 0.7077578371236606 0.7288502325730203 0.7649512770662412 2.0635513134663994
88 968 0.016963568691526237 2.0646996480006132 0.41708196769472017 0.41708196769472017 0.42912768852977096 0.4472261866457888 0.45682889225605267 0.4934435261873115 0.523809367184481 0.5528737269062449 0.6176988658531118 0.7190036770014733 0.7266476620421853 0.7656921565848055 2.0646996480006132
89 979 0.016860833182826315 2.0970547881169592 0.4075286543674682 0.4075286543674682 0.42765102518998366 0.44778096846410903 0.45602350445711337 0.5038890723436525 0.5203749440132424 0.5464811731247586 0.6144278473673349 0.7081617477115314 0.7141364846250154 0.7672065480528781 2.0970547881169592
90 990 0.017461260311910337 2.1207550219697877 0.3979096074418368 0.3979096074418368 0.4288056369702681 0.44432192898377176 0.453052431627076 0.5016535089952431 0.5108052996862424 0.5394486272597167 0.6074904496575978 0.7026995204404752 0.71011418439575 0.7743820098086546 2.1207550219697877
91 1001 0.018282372075464723 2.1162297554069522 0.39488684958532994 0.39488684958532994 0.42129333853414236 0.4506014309329993 0.4574981982692795 0.4971345151267427 0.5108735407148898 0.5300134758358279 0.6032291964378069 0.6881292074416007 0.7044584321188402 0.7792084179803398 2.1162297554069522
92 1012 0.019620685096049043 2.196277998429835 0.39302258154932174 0.39302258154932174 0.4181700387900254 0.44045030629977855 0.45027103101074745 0.49275173462261107 0.5104281678739867 0.5366040338009337 0.5970340614468387 0.6779740742101343 0.7088131290185881 0.7860522700323407 2.196277998429835
93 1023 0.02021567041093446 2.2273565574526715 0.39120569139063377 0.39120569139063377 0.42166576278080875 0.43427014766878147 0.46586749673062794 0.4872069239951496 0.5181867268500795 0.537094276210541 0.5939893459409756 0.6416825639679622 0.711889123039645 0.7838186003736639 2.2273565574526715
94 1034 0.01962696621633199 2.248125602489131 0.3872386104968775 0.3872386104968775 0.40608946068464036 0.42962270010243325 0.4692836975932297 0.4797936296797146 0.5151294256574356 0.5381079860015027 0.592185858328154 0.6369028453429588 0.7037985835973513 0.7825820536366015 2.248125602489131
95 1045 0.018121666438245136 2.226294764182619 0.3878328858030786 0.3878328858030786 0.39963373650555295 0.43118037022402883 0.4679317089181425 0.48537222950559733 0.5056642311500747 0.5356743163064814 0.586831578978966 0.6265279454745027 0.7017817305503957 0.7673722402869769 2.226294764182619
96 1056 0.017147010143605815 2.2406516763839033 0.3812729354771202 0.3812729354771202 0.3945306551832586 0.42373890807124037 0.4678941678452658 0.473920314104888 0.4975095923652742 0.5347107322379979 0.5857034613240197 0.6243016164005971 0.6975250807429536 0.761573300442036 2.2406516763839033
97 1067 0.016340638647938475 2.2132195496420537 0.3662724585958435 0.3662724585958435 0.39269367130367516 0.42378379313852377 0.46025549931398413 0.4685358110266762 0.4940845052430072 0.535646776538719 0.5894881166315559 0.6261879651723323 0.6944696887695188 0.7619702496202341 2.2132195496420537
98 1078 0.015280739417827895 2.1705324102593067 0.36575046282586754 0.36575046282586754 0.38308711018967867 0.410695614624187 0.4599270951722173 0.4680337292266312 0.49200461841851245 0.5272279744341621 0.5857194899369338 0.6276419398369545 0.692255681449532 0.7580059118925935 2.1705324102593067
99 1089 0.01508626296637859 2.0949151338445753 0.3634581612601852 0.3634581612601852 0.38887885734271604 0.40392977116600076 0.45064012610335147 0.46693205552661055 0.49419002701106557 0.534364170003288 0.5845083878092501 0.6135839259883793 0.6932623991125207 0.7502977843099432 2.0949151338445753
100 1100 0.014760435108359735 2.0884107776210454 0.36283708907536644 0.36283708907536644 0.38600215591682535 0.40389969926869834 0.4556770094712059 0.4636421792085035 0.48878712171784894 0.5213065401658308 0.5760263376018737 0.6354846382625093 0.6804048435086371 0.7442828093042343 2.0884107776210454
101 1111 0.01553395728700042 2.087769495906953 0.36055211678183363 0.36055211678183363 0.38524209133341336 0.4034487807340227 0.45104440558891185 0.4559463730607482 0.47668719786969393 0.5275495357613527 0.5876541364364878 0.6293346486156167 0.6815104366234344 0.7296055922885042 2.087769495906953
102 1122 0.015523352932530422 2.077811279498692 0.3591875294554337 0.3591875294554337 0.3770870671005197 0.4117185429064813 0.4447376687393979 0.4593943354798865 0.47123734243172494 0.530917789678561 0.5941429570681068 0.6186230229900042 0.6833845667463502 0.7544834456147793 2.077811279498692
103 1133 0.016830503004156262 2.014997986829267 0.355461108105847 0.355461108105847 0.3679999472441995 0.41544740786739215 0.4386553661723555 0.4549716708040093 0.466280244091442 0.5327683908735653 0.5885251978997015 0.6292749925766852 0.6781678947185177 0.7508277712932749 2.014997986829267
104 1144 0.017401400734887013 2.042752626861787 0.3507668628322679 0.3507668628322679 0.3639235771825486 0.42077540238274286 0.4386870798158075 0.4456455236844597 0.4661970552866538 0.546553375695353 0.5882461881352032 0.6334725348620901 0.6846740947802238 0.7580274781398986 2.042752626861787
105 1155 0.017192102659160352 2.043220733744396 0.34667504896914747 0.34667504896914747 0.36198721219597485 0.4115759131453043 0.43424852071891323 0.4448639967789978 0.46692088380908936 0.5522144315631763 0.5825078060396361 0.627537399855708 0.6765495355138842 0.7646884187672252 2.043220733744396
106 1166 0.017536590778016992 2.051957214769039 0.3460388701259334 0.3460388701259334 0.358232745315607 0.41061244130989655 0.4288226527403416 0.451933104861961 0.46996861561132 0.5417253251632261 0.5717291085026919 0.6171837675405393 0.6578746824675663 0.7583206693220116 2.051957214769039
107 1177 0.01773385421237955 2.010068393522853 0.34453520356917644 0.34453520356917644 0.3599715593307901 0.4282933454407335 0.432619537796451 0.4567889078524933 0.48578725794056904 0.5385614081165411 0.56754591646264 0.6130196896436718 0.6509920467138776 0.7465505344175769 2.010068393522853
108 1188 0.018282425264239753 2.0134216213376352 0.3404501956759228 0.3404501956759228 0.3584144507721339 0.4230805687907949 0.43456622655289256 0.46058163409970826 0.4814218484012525 0.5325614537154977 0.5647734933315078 0.6047673642378586 0.6573118716883063 0.74419940900198 2.0134216213376352
109 1199 0.018861610411349167 1.955335761000801 0.33939135103476153 0.33939135103476153 0.36516631113612014 0.4178480736240189 0.44246228378609065 0.46282146720135564 0.48557420840098253 0.524886946035985 0.5708229102403188 0.5995000747950173 0.6493284342103055 0.7317174327611575 1.955335761000801
110 1210 0.02015269655116206 1.9018142959188236 0.33775459657267426 0.33775459657267426 0.37170241070163773 0.4129889907593235 0.440838829147127 0.4722299182277699 0.47736882449433776 0.5352468628214071 0.56291181071938 0.609133122322462 0.6347612670786874 0.7286191695873304 1.9018142959188236
111 1221 0.02031566496023445 1.9498166996542179 0.32325289989770145 0.32325289989770145 0.3634306071680209 0.4146251628813991 0.44052310827307073 0.4683276570190039 0.4905329521612212 0.5372608451488197 0.5612403041122812 0.6100641193569885 0.6274949776698505 0.7395808748264991 1.9498166996542179
112 1232 0.020573664083296306 2.0022937561489225 0.3205481087465818 0.3205481087465818 0.35863731188968206 0.40270982870782335 0.4323074286111591 0.47012701906671234 0.4886477093247498 0.5338318848734742 0.5496612552774269 0.5997458856061874 0.6343432509362535 0.7383231076121144 2.0022937561489225
113 1243 0.020244338834046423 2.003838685590397 0.31203787429250784 0.31203787429250784 0.35934020248635395 0.39327564536556253 0.431655778243856 0.46475900523035185 0.49338628723467287 0.5310744663610931 0.554143745906126 0.6008693505063993 0.6221288509211111 0.7510054101774177 2.003838685590397
114 1254 0.019544351250112633 1.9938607550060459 0.3035815445301539 0.3035815445301539 0.355990770795484 0.3900493612462672 0.42713409973929933 0.4610946877914908 0.49250732922385315 0.5303872489907587 0.5470331511259641 0.5919418236715094 0.6227768726136342 0.7532462375938842 1.9938607550060459
115 1265 0.01913970687173841 1.9857273803511981 0.3026548760892731 0.3026548760892731 0.35412202514202284 0.3843253582252366 0.4268816623628665 0.45995626866182504 0.48610206369225395 0.5257771008778862 0.555568729832156 0.5897407420376656 0.6338905085428299 0.7402800030787678 1.9857273803511981
116 1276 0.018616478798865375 1.995229681078137 0.29737260292572465 0.29737260292572465 0.3516320662162665 0.3785910914717562 0.4301158009162245 0.46091694034022845 0.4793019910137909 0.5178656086845856 0.5441380791328906 0.589637573572613 0.6307027065459766 0.7448297159540672 1.995229681078137
117 1287 0.01923809112974224 2.0126971626865555 0.29599132355450025 0.29599132355450025 0.3407911256605377 0.3730795692952015 0.4330133743133316 0.46047197115627175 0.4733405880905039 0.5063416343825944 0.5382532627398866 0.594380651450659 0.6312559506423274 0.747046172077525 2.0126971626865555
118 1298 0.019647406357518087 2.0252669410481055 0.29566563455087536 0.29566563455087536 0.33797042812549005 0.377375070471657 0.422410415912294 0.4526066482012038 0.47176625077680684 0.5055614402450871 0.5339409159001678 0.6022662501179129 0.6251380646826447 0.7572700123892521 2.0252669410481055
119 1309 0.019750389416586005 1.9722107566734661 0.29542982162595444 0.29542982162595444 0.3390706358418726 0.3775743130997057 0.4252766973470047 0.45067162074178224 0.4687241885346131 0.49712035001371213 0.5263360931314713 0.6030497350264006 0.6292183353420204 0.7523236279841137 1.9722107566734661
120 1320 0.019818737653452215 2.0070791196133344 0.2940892513106386 0.2940892513106386 0.3384945392352581 0.37730758980193435 0.41874133109618333 0.45070980530140925 0.4568617826625199 0.4927932855641134 0.5202539400521686 0.6042123457818243 0.626167962917587 0.7368711855576299 2.0070791196133344
121 1331 0.02008108362549153 2.0037199255195826 0.3013485766845565 0.3013485766845565 0.3318279177908872 0.3764194103370061 0.41731913378485197 0.4497803018391376 0.4596459902280846 0.4886995286022846 0.5257575755496874 0.5993335589438514 0.6228822068668424 0.7345628054274814 2.0037199255195826
122 1342 0.02093280982624641 2.02708887489948 0.3004274712572718 0.3004274712572718 0.32810076195359644 0.3731764753931059 0.4081569639738669 0.4377429166013027 0.45899797006662174 0.4797362569803479 0.5203548781910925 0.6046020435536797 0.6243210310179056 0.7425236582115127 2.02708887489948
123 1353 0.022540968851939694 2.0723689310864932 0.3089392236354804 0.3089392236354804 0.3299726018829038 0.36383140263011154 0.4060880064638473 0.43167778530978884 0.45422616479165195 0.47846492814958014 0.5164151451960219 0.5995958008803803 0.6111340035249395 0.7505446303444184 2.0723689310864932
124 1364 0.02390609008283135 2.050936000369664 0.30661198867760103 0.30661198867760103 0.33477380763940345 0.36235827921713915 0.4065450386743597 0.4313941405938303 0.4425622539174411 0.4745180565964247 0.5159215415269224 0.5940199467561904 0.6145388087585119 0.7507690693367279 2.050936000369664
125 1375 0.024467677592774704 2.041638520147618 0.30293146408016125 0.30293146408016125 0.332264829494537 0.36828151501711204 0.39859080794033025 0.43422742896583544 0.4397429602952966 0.4812725184468661 0.5174229855801517 0.5932995048264464 0.6124131745669855 0.7499897498960159 2.041638520147618
126 1386 0.025408078357734596 2.0273115340429184 0.30124117208984 0.30124117208984 0.33254301455632135 0.36479590709356285 0.40056158072640274 0.4351776318730472 0.4418657907040719 0.4794911998907425 0.5128269566731883 0.5847350240097252 0.6063078439811366 0.7565369263652768 2.0273115340429184
127 1397 0.023959305231900065 1.9860444412274658 0.30234547961949665 0.30234547961949665 0.3313570457991628 0.36445410263533523 0.3967961827134417 0.4324357504705983 0.4439855297664383 0.4805753753332177 0.510124879364848 0.5879395828100601 0.6139837546346076 0.7428070863182906 1.9860444412274658
128 1408 0.02376380900852965 1.9865244748941409 0.2995030954981521 0.2995030954981521 0.32946073662172143 0.36183814908368106 0.3907787714073888 0.42728632148496093 0.45082665745033723 0.48574889838260216 0.5053843645855874 0.5926815114951213 0.6058927454972213 0.7158878974938763 1.9865244748941409
129 1419 0.02345271594744052 1.966752951474107 0.29005101394535315 0.29005101394535315 0.3281238621215522 0.36487578625914197 0.39005686961212266 0.4266128138314531 0.4450711864259533 0.4865379982411821 0.5049964752776436 0.5835777293435864 0.6152489899651975 0.7140164155181142 1.966752951474107
130 1430 0.023085052029120912 1.9555586355377101 0.28859070338631376 0.28859070338631376 0.3281873420333179 0.36257497887140716 0.3856374663286569 0.42323096503946545 0.44333513154779197 0.48501186053252937 0.49618463399292106 0.5859128777323033 0.6070603124396604 0.7093092625509205 1.9555586355377101
131 1441 0.023250970633835886 1.9467218075458437 0.28572802680038145 0.28572802680038145 0.3282599724711881 0.3634173833353465 0.3844083886470033 0.4176158905558044 0.4415841770400443 0.49288578861645144 0.497518381403411 0.5635259515035486 0.6047350517099032 0.6974898603835942 1.9467218075458437
132 1452 0.02401441941994133 1.8832791449003765 0.2887680846154957 0.2887680846154957 0.34443191675380835 0.35965759888166066 0.38396711224046653 0.41219798110269895 0.4396419106028193 0.48397851981157053 0.49944725918022315 0.5701535240808129 0.6008024469400306 0.6924457593793126 1.8832791449003765
133 1463 0.025903316491305225 1.9030130599424089 0.2866868829880142 0.2866868829880142 0.34925966039713935 0.35917165347458013 0.3782321735150988 0.4059479213317808 0.440768576426604 0.4790780172984602 0.5046052764600915 0.5622851957419999 0.5954634792978698 0.6850377128186835 1.9030130599424089
134 1474 0.025200098310730612 1.9567291716688444 0.2795252065296251 0.2795252065296251 0.34167234155438303 0.3565538449126691 0.37804966795152684 0.4231483776138282 0.4386117873188772 0.4682076566787235 0.5073988566730674 0.5604181465572668 0.5949148668661092 0.6882901148827909 1.9567291716688444
135 1485 0.024164317184513163 1.9236244001421623 0.27656686378920425 0.27656686378920425 0.3351714983934489 0.3556389625067493 0.37493937889063583 0.41723853594956184 0.4351901626290436 0.46964944394947206 0.506586181556692 0.5575279661302329 0.5949489051894022 0.6760967816744603 1.9236244001421623
136 1496 0.023975077352423747 1.8863167319836216 0.27660356126324914 0.27660356126324914 0.32415777772704385 0.3523201518033609 0.3646945509755232 0.41630608093843424 0.432176801374851 0.4695467564305949 0.5085411394180847 0.5613662888276091 0.5963907872955492 0.6848739795640632 1.8863167319836216
137 1507 0.02273923279198335 1.8852057623714507 0.2782277746391931 0.2782277746391931 0.32139531149640765 0.3487477845796673 0.360269395395576 0.4141690235861966 0.43691254533777113 0.4651154908660645 0.5013183568922178 0.5598302917650081 0.5913652789964259 0.6728752447732924 1.8852057623714507
138 1518 0.0220292586221911 1.901602033463538 0.2803489097312655 0.2803489097312655 0.319735801191243 0.3400846079142326 0.35892266930540156 0.4043231634332706 0.43387233613584386 0.4689884394009042 0.49111885340160466 0.5481050744408452 0.5849501640883907 0.6735069107431881 1.901602033463538
139 1529 0.021527792552242946 1.8588509407200313 0.27714518226935636 0.27714518226935636 0.3153706555346375 0.3401841182136122 0.3561175277122613 0.40275658424572164 0.4300524422716447 0.46837160314559056 0.49089077039764756 0.5514244907868769 0.5768821067131089 0.681977278876921 1.8588509407200313
140 1540 0.021708313750383398 1.8170685556291934 0.27537819736978986 0.27537819736978986 0.3104319270526447 0.3362843764481861 0.3527072239291868 0.40616111928042203 0.42404581049105955 0.46846315920820286 0.48885544685353405 0.533379303194666 0.5812318459328244 0.7008543518816746 1.8170685556291934
141 1551 0.02069845080150353 1.7814751902103487 0.2749375970919153 0.2749375970919153 0.3080270735516015 0.335171886493788 0.34760124338439413 0.4074725054776256 0.42269294868166724 0.45787037909605227 0.49287639148649637 0.5348853105182823 0.5797582012977722 0.7085804889477696 1.7814751902103487
142 1562 0.019686675965783437 1.7643195614501928 0.2713964470835586 0.2713964470835586 0.30860007882800966 0.3326271602713641 0.3487208248576233 0.40710805395799415 0.42348449933324056 0.44868315182954116 0.4839787039450962 0.5350255318597098 0.5743683509816723 0.7000015731290138 1.7643195614501928
143 1573 0.01902332641313993 1.7771860914991386 0.27688602283244157 0.27688602283244157 0.3046505974187528 0.33255346645015127 0.3467095792414878 0.40125908627559403 0.41610811412513016 0.44134976789262953 0.4815815985213816 0.5268072541239351 0.5726092965885813 0.6848704878052548 1.7771860914991386
144 1584 0.018137065612678038 1.7470341343358453 0.27736740258061776 0.27736740258061776 0.30236645204405754 0.3332398850704242 0.3527588055437224 0.388507997440799 0.4121783680940068 0.4380507505235413 0.4855419929795185 0.5142808942830189 0.5744037858432447 0.6875280025205337 1.7470341343358453
145 1595 0.017467639290122523 1.7511274049425138 0.2718341762217023 0.2718341762217023 0.2982969394643425 0.3306388903507509 0.34765154332896986 0.38401697995488 0.4174168730351643 0.44180686967576566 0.48612998066406243 0.5180285741700071 0.5637163860562023 0.6801565368323454 1.7511274049425138
146 1606 0.01759849285435603 1.7579878147826757 0.27112821627332667 0.27112821627332667 0.29020713719137375 0.32584321106815267 0.3465497064680585 0.39321871737669967 0.4152594895606155 0.4405509823791983 0.48587833958634796 0.513766626108064 0.561001667274052 0.6615958237246026 1.7579878147826757
147 1617 0.017201911632612872 1.7970685961910038 0.2681279237894711 0.2681279237894711 0.28983966895337354 0.3230829038406281 0.3470044899256073 0.385111809589381 0.4169162543189742 0.43519261712388924 0.47993263818799037 0.5078890138338655 0.5630877469369935 0.6531073952497845 1.7970685961910038
148 1628 0.01713122362614484 1.786100092126624 0.26282281409736236 0.26282281409736236 0.2872685812341664 0.3165483556969449 0.34712625560494176 0.38950455764569386 0.4213676425595283 0.4355188574568658 0.47547330359796536 0.4926178895640561 0.5567412374448711 0.6598879818060344 1.786100092126624
149 1639 0.01697002803409045 1.8045359147431674 0.2647674564945272 0.2647674564945272 0.28398587260877944 0.31102812663826646 0.34644305858427943 0.3852943637257179 0.42169765556026156 0.44611357298748683 0.47798213972682213 0.5004911618909695 0.5540271161961977 0.6330123496448924 1.8045359147431674
150 1650 0.016633283734277696 1.832144852300484 0.2587628953587703 0.2587628953587703 0.27597250457392886 0.3054132518630582 0.3475783702383566 0.3851718436210472 0.4244384142736389 0.44467694077214787 0.4740326684982967 0.5047857516456115 0.5497472018896216 0.6305228857015773 1.832144852300484
151 1661 0.0154946336509526 1.7957944860096084 0.2584803296912683 0.2584803296912683 0.2760330840097972 0.302087200255629 0.3511791646224741 0.38071706263711264 0.41468987067364804 0.4474886545271326 0.4670470577680669 0.5054948699718498 0.5499747905489568 0.6331377394931749 1.7957944860096084
152 1672 0.016604490116674718 1.8021833916628827 0.2528574188171397 0.2528574188171397 0.2762306555982782 0.302066973520765 0.34667598649095555 0.3784939533559715 0.41538077380756316 0.4416945210468203 0.47464103173388034 0.49096151151878803 0.5561690048041106 0.615340598928504 1.8021833916628827
153 1683 0.01785243952671987 1.8012393599259517 0.2505508254968059 0.2505508254968059 0.27273888839783533 0.3104535932958567 0.3476430106578993 0.3675442628712009 0.4191909105846699 0.43959906080457206 0.4749947996849839 0.4984118081682778 0.556694933537245 0.6135960361790325 1.8012393599259517
154 1694 0.01840046395101817 1.7858004350776617 0.2450319789165412 0.2450319789165412 0.2680779800603976 0.30439763871650627 0.3426394083764814 0.36742172085343894 0.42447316317943395 0.4451590920825976 0.4729008367878732 0.49653050301101576 0.5543480549186331 0.6466656312164722 1.7858004350776617
155 1705 0.01890222540730555 1.7745991030806991 0.24809862736411187 0.24809862736411187 0.26992966141591657 0.30088798783203546 0.3365872947331514 0.3687149802787278 0.42419459516328073 0.4416180404356587 0.4739521203173853 0.4958218872150393 0.5430587353372541 0.64904750410522 1.7745991030806991
156 1716 0.021425368096037387 1.7899352296502997 0.24741827198241673 0.24741827198241673 0.26908331565319676 0.30012821461444894 0.3296432564555727 0.3667053496500258 0.42359829911656605 0.44074226203833977 0.466515463158604 0.5037139254483461 0.5310594925555536 0.6512382099176509 1.7899352296502997
157 1727 0.02471624420065212 1.803206402369694 0.246818468946576 0.246818468946576 0.2637851224863306 0.2974501337950963 0.31906557631048227 0.3642958242107605 0.427197350163317 0.43739808035766076 0.47052158286607976 0.5015659534409582 0.5351022358232956 0.6663296154772982 1.803206402369694
158 1738 0.029320817626102846 1.7899258466926895 0.24520025993398406 0.24520025993398406 0.263285150857096 0.29568706560417385 0.31951203501270026 0.36032429372376595 0.42977109695896826 0.43737126378882246 0.4669353889965183 0.4925309508100379 0.5330973474006391 0.6752484772121393 1.7899258466926895
159 1749 0.03215912943264789 1.7737509270421314 0.24742266365260288 0.24742266365260288 0.262965990119671 0.29179714578795335 0.31752544582371606 0.3636812777200104 0.4265515794936718 0.4397591360311061 0.46685948781762376 0.4856798362932207 0.5224276834234153 0.686816948198785 1.7737509270421314
160 1760 0.03450520817458784 1.7841992218553746 0.2465310717907952 0.2465310717907952 0.2638459917848596 0.28944794803633267 0.3132790533786977 0.3621312682800756 0.4320189958684932 0.44057971890476366 0.46317207385455594 0.4885230734292224 0.5093446114749239 0.6805988732392703 1.7841992218553746
161 1771 0.036432873370139486 1.8247854744708887 0.24434319465649246 0.24434319465649246 0.2666403845213355 0.28890410965838353 0.31493516406516625 0.3522632171262628 0.43363210596785834 0.4440617051572898 0.46025064543191446 0.48734197843013344 0.5040872352005846 0.6558225462539046 1.8247854744708887
162 1782 0.03629265737120135 1.8571561206114873 0.2412225885291257 0.2412225885291257 0.26579875384751894 0.28746434183640646 0.31360044614416316 0.3463746846617445 0.4277067870646875 0.4365951494833566 0.44723257571276487 0.4840984557771688 0.4998946993588957 0.6583569713202037 1.8571561206114873
163 1793 0.03686470619206308 1.8370517316585873 0.23197208720227605 0.23197208720227605 0.2676627645588569 0.2852662889403789 0.31558746635819396 0.3419652851067157 0.4218104935211518 0.4320460846183273 0.4511029508470981 0.4813405663791721 0.5098378326312143 0.6463506408866654 1.8370517316585873
164 1804 0.03851246781458797 1.8819903933260347 0.22709765129416165 0.22709765129416165 0.26870241967025243 0.2834722542509834 0.31172820093517456 0.3393637163186529 0.4185560928062774 0.42551521441034784 0.4419508023235385 0.4747624532354075 0.5206429007739658 0.651599765535617 1.8819903933260347
165 1815 0.03587653168894108 1.875379621575641 0.22370416201833931 0.22370416201833931 0.2656418719582111 0.28934075385210994 0.3135790294076666 0.3408877080147073 0.41561900451068257 0.42208827754243505 0.4423620154066636 0.4694322867823211 0.526451724467244 0.6551352641829342 1.875379621575641
166 1826 0.03531207772141469 1.8620549101875343 0.22515932073769476 0.22515932073769476 0.26611913918696134 0.28418047825824344 0.313693244473899 0.34342610558926434 0.40493942127022586 0.42108839351537014 0.4469271157664988 0.46816361144321217 0.5258484402029211 0.6480744563856485 1.8620549101875343
167 1837 0.03328773726673546 1.8745968519129739 0.22170986189455094 0.22170986189455094 0.26133046269606086 0.28441798413656233 0.31288425317839896 0.34526932918782144 0.40148530047275377 0.4204161746296702 0.443473160388687 0.45812677642558275 0.5238692442545364 0.6656038081139912 1.8745968519129739
168 1848 0.032032975797074814 1.7925928661535204 0.22135674949977932 0.22135674949977932 0.25812997565063456 0.28527141740304224 0.3007402646871043 0.34772202173006084 0.4001398335166874 0.42582598286398066 0.44109716550742034 0.4527886178281691 0.5191388450567336 0.6710367591726877 1.7925928661535204
169 1859 0.03266006914946503 1.7583471881322257 0.2242336247670761 0.2242336247670761 0.2578468324447979 0.28375049461370044 0.2967527309144085 0.34381697198625705 0.396802724455653 0.4183410028885413 0.4406661137842313 0.4585173312435936 0.5183824192423482 0.6677763867147958 1.7583471881322257
170 1870 0.034113907569380375 1.7385887065061751 0.22215926083405615 0.22215926083405615 0.25944267130802023 0.28410434678019575 0.2975596580993651 0.34168519273497544 0.4079468832699489 0.4236354689121839 0.43262410606677515 0.45771492882185144 0.5157097171582335 0.6676321107523668 1.7385887065061751
171 1881 0.03401736877277787 1.7203912027710786 0.22353695848625246 0.22353695848625246 0.2580712420081839 0.28562101115021776 0.297867898839454 0.3422577892217267 0.41299996665901373 0.418953493284043 0.43680584573681397 0.4540160417156468 0.5099305133018658 0.6651903992987281 1.7203912027710786
172 1892 0.034874330143932895 1.7651708259414167 0.22030830869063292 0.22030830869063292 0.25627517215194456 0.2795450320593092 0.29347354143365206 0.3331826801475361 0.4132926236086562 0.4148626379443167 0.43650621051032684 0.45697814044833507 0.5042440077941095 0.6692586883989755 1.7651708259414167
173 1903 0.035597419647951205 1.7717420253186569 0.21994874391869465 0.21994874391869465 0.2563068678862602 0.27671835501871833 0.2908371887016109 0.32160103680940155 0.41502990367270703 0.4170627154954868 0.43962658770600943 0.45281897780299274 0.5073746519331471 0.6810910130704412 1.7717420253186569
174 1914 0.034519638294965425 1.7716073927671296 0.22087707129471204 0.22087707129471204 0.25105329504389146 0.26934592460737616 0.2886165552039139 0.3182527569219006 0.4153724640554656 0.4173680345672557 0.4446583132271543 0.44836290840638976 0.5022577029281912 0.6956023707265754 1.7716073927671296
175 1925 0.03300698967405542 1.7297824641975608 0.21838044579122917 0.21838044579122917 0.24895127905403308 0.2684378905258218 0.28482198267387004 0.318833477456611 0.41221470241190317 0.42370973341148294 0.43603789877339594 0.4465853781581511 0.4969322840345279 0.6908600112774145 1.7297824641975608
176 1936 0.033657121900646784 1.7230282083619142 0.21827428903509818 0.21827428903509818 0.24725625890371386 0.26407562211087 0.28471285404492924 0.3210236924471074 0.4090742403219279 0.4258608192507409 0.4320083443586676 0.4506384817752467 0.49504445191360347 0.6908078089141348 1.7230282083619142
177 1947 0.03151544271157901 1.709547653601847 0.21592390691884877 0.21592390691884877 0.245630703348028 0.2653388131584388 0.2865130720098089 0.32205041675275126 0.3995541801461505 0.42735775694954337 0.44158554603690736 0.4489573015462811 0.5056388300713622 0.690459403706198 1.709547653601847
178 1958 0.03060815145305811 1.6844256533081732 0.21542283867657197 0.21542283867657197 0.2457946704344427 0.26088521486754007 0.2874403143170765 0.31879498627646585 0.39695436728390504 0.42280994284138684 0.4403113201147229 0.4549942191716824 0.49139115420214985 0.6851032903229965 1.6844256533081732
179 1969 0.028394581510319598 1.677010714523878 0.21274928979586813 0.21274928979586813 0.24521018508594752 0.260808623962162 0.28654624355644703 0.3159693166627909 0.3948918073911196 0.40714264736399686 0.4418534377066843 0.4480888136022 0.5033039957094952 0.6735557860747129 1.677010714523878
180 1980 0.026427480915795123 1.639560768077568 0.21235187549892826 0.21235187549892826 0.2447485510542849 0.25413111535740607 0.28853308050680104 0.31470967790431487 0.3905131376808708 0.40517420418894046 0.43537883300586455 0.4429611716817696 0.5048094089230452 0.6765024353714814 1.639560768077568
181 1991 0.02540650718607124 1.6065626340872041 0.2097424378190204 0.2097424378190204 0.2432208287178523 0.2542489207703453 0.28318635925753033 0.3128318851668138 0.38533141810882043 0.40433700603342576 0.4361605440344489 0.44258122790327864 0.5025068073010543 0.6705605430502126 1.6065626340872041
182 2002 0.024244218770197702 1.5571024077434599 0.20866106955181116 0.20866106955181116 0.24142180990185164 0.2514209753037886 0.295248172308461 0.31026012829123173 0.3769354414228177 0.4054391545272795 0.43280744061855897 0.4394231725139506 0.49947363449204446 0.6671128128503813 1.5571024077434599
183 2013 0.023316767157119545 1.553165150395962 0.20545409475339543 0.20545409475339543 0.23869678090238378 0.25249949986526693 0.28689646533783536 0.3138630367411798 0.37559033988582086 0.40319733778999783 0.43294147390533605 0.4487700114213139 0.4985222253744791 0.6704469987557169 1.553165150395962
184 2024 0.023288624386865988 1.550022123039167 0.20409175367000318 0.20409175367000318 0.23281568737753236 0.2552967664772185 0.28886211060969574 0.30920018196137916 0.3672488124448516 0.4034000274633626 0.4228920574365667 0.45085299948412516 0.491914733160583 0.6760758283881214 1.550022123039167
185 2035 0.024320171311751213 1.5395512026901539 0.19634209791102186 0.19634209791102186 0.23326123676969943 0.25122913494442983 0.2893832129767112 0.31684740166999775 0.3707729349386 0.40183393381370736 0.4176036756044587 0.4482462314840471 0.49324668824243406 0.6799946123508651 1.5395512026901539
186 2046 0.02381973257159635 1.5743356370953547 0.19470517774120144 0.19470517774120144 0.23024424720497622 0.25083018683997477 0.28838229847131175 0.3217947095302888 0.3698884973950092 0.39144789761014315 0.40901701965610276 0.452587164055786 0.47931292669407244 0.6905234391932666 1.5743356370953547
187 2057 0.02484730086832997 1.5386853816939394 0.19196466476215035 0.19196466476215035 0.22702886243433226 0.24995257221357348 0.2904777236686144 0.32018259680378686 0.3641570114795646 0.38623877685460706 0.41101278548916986 0.4519757790996452 0.4773189333281554 0.6934214110461762 1.5386853816939394
188 2068 0.02611653520019764 1.519756366027036 0.1849632060335492 0.1849632060335492 0.23010246949362767 0.2529701471575378 0.2857989594104236 0.32256815049801935 0.369444818505312 0.3860296577354956 0.4141817176535579 0.4516308788980294 0.47606981500643053 0.6917457524398308 1.519756366027036
189 2079 0.02676871302854647 1.5047385659135402 0.17767596475747333 0.17767596475747333 0.22763320466158876 0.2551033601714976 0.2867374059880291 0.3261632045363067 0.3747172046010971 0.3807465617306805 0.4197613020265014 0.4462782277345395 0.4700423087004047 0.6957458648399427 1.5047385659135402
190 2090 0.025708748322818435 1.4892909533528105 0.1740680372604002 0.1740680372604002 0.2261762058307747 0.2512732449947607 0.2872688397424713 0.32156200971702353 0.3678825514101062 0.3820156100218224 0.4278385638698552 0.4482460178126594 0.47079258651302713 0.687112785548414 1.4892909533528105
191 2101 0.023709873711548767 1.4824393594568657 0.1735098447095377 0.1735098447095377 0.22757264053555595 0.2520041363265604 0.2810587265025555 0.3208470491350687 0.36641296671778895 0.3732900545595664 0.4229357756964326 0.4488493061222784 0.46633031045603457 0.6738463414326783 1.4824393594568657
192 2112 0.02155447455495085 1.4480372059238995 0.1687992707003899 0.1687992707003899 0.22865254877895133 0.24897502305548858 0.27960786425284506 0.32075398550114587 0.36487844436643097 0.3708482597375739 0.4209607287189065 0.44726840046597116 0.4662210946452894 0.6644644642666917 1.4480372059238995
193 2123 0.0207644358272115 1.4537955008389922 0.16787769666548108 0.16787769666548108 0.22909740617944313 0.2515279635089321 0.27432660636825346 0.32864610853998166 0.3659229117029522 0.3698724188203572 0.40539773786431876 0.4480500266814587 0.4634758943577747 0.6522813404750514 1.4537955008389922
194 2134 0.0212915962128931 1.4585574330609978 0.17180511151533334 0.17180511151533334 0.2273060599663343 0.2493352039341365 0.27032924485524645 0.3356181338947913 0.3568281274875403 0.36415726988088787 0.39732493143561637 0.4466730923811175 0.46303002624822837 0.6457488162468624 1.4585574330609978
195 2145 0.023560122122836546 1.4878708014048936 0.17198501803382654 0.17198501803382654 0.22626260795398304 0.2528464082812339 0.2687529012970742 0.32608585638256593 0.35141766286655185 0.3576859677877196 0.3947803343552103 0.4344169027398091 0.4606693077685567 0.6489263897467131 1.4878708014048936
196 2156 0.02576058549944 1.5238912004170746 0.17189018489724142 0.17189018489724142 0.2223899535943998 0.251458507831517 0.26670948597892336 0.3245807944171089 0.3508119819063371 0.35844059754241153 0.3936157626273457 0.4299011231465628 0.45929372973193827 0.6677875588376887 1.5238912004170746
197 2167 0.026842792783417845 1.5898383395406206 0.17112985786461515 0.17112985786461515 0.21709078742535357 0.2507521312867914 0.26356625848720716 0.3215658498142731 0.34343122193380915 0.35973810280483154 0.39223521249382565 0.42826881477409684 0.4627889270597712 0.6775423238960624 1.5898383395406206
198 2178 0.026842274294232908 1.6078132853880602 0.1698653309048858 0.1698653309048858 0.21344326757117285 0.24953723954953985 0.2622123338406376 0.32146716250269636 0.3455784755081302 0.3594416933698946 0.39621824579872883 0.4230017043509685 0.46151569785339797 0.6767078384519906 1.6078132853880602
199 2189 0.028111697547709587 1.6258288430101908 0.1688487351279437 0.1688487351279437 0.21508712140848646 0.2490070735317029 0.25115415700675986 0.3158152201066455 0.34711651529468146 0.3549856597663539 0.39610448455360436 0.41990343216994735 0.45984081507923413 0.669693772760612 1.6258288430101908
