% # columns="iteration, evaluation, void, void, void, xmean", seed=191369, Wed Dec 11 22:17:06 2019, <python>{}</python> # scaling_of_variables: 1, typical_x: 0
1 11 0 0 0 0.5846447742822259 -0.10055749368574855 -0.05264533788211753 0.3126226733207935 0.2518982637085932 0.23693171095262347 0.48928771497992773 0.1549934790053665 0.15564430871888185 -0.008717295178801066 0.14514699349466811 0.045528332318794024
2 22 0 0 0 0.6956243202127355 0.13349201677901773 0.2960667354028399 0.1350600479955571 0.3767199099442578 0.581628942082584 0.2740263048630245 -0.04758213582678247 0.050293890674397934 0.2494166908796067 0.4103181665435569 -0.02493130698269226
3 33 0 0 0 0.08430416746516656 0.030309787449455894 0.3448306928670916 0.31909205286655445 0.4382655141534844 0.25792162486068276 0.45176765625963833 -0.12842213115410323 0.3317093951746315 -0.11985162167446586 0.3595653287674289 0.1044788381686355
4 44 0 0 0 0.406019024582936 -0.18620430153574527 0.3844863489551788 0.30055308349782817 0.15542108467130172 0.4401516597447343 0.518658328042642 -0.39229363595930483 0.4801690319564231 -0.2541981829555022 0.1349816076807196 -0.04841522973201896
5 55 0 0 0 0.11236360590273414 -0.04002672174914393 0.15586186454576972 -0.2567833760221051 0.26965203114369246 0.6574629988535567 0.28025024160989154 -0.21706231445246676 0.2540818195495714 -0.2521315093933152 0.1076639506711345 -0.02001586724588385
6 66 0 0 0 0.11619535975506382 -0.18353836522135536 0.16703304863177262 -0.3071225415470781 0.3565995470722131 0.6095336373567265 0.4262488925688921 -0.36154639963979796 0.09868693822706678 0.019269212352393927 0.027955327404232816 0.4290042624756464
7 77 0 0 0 -0.02221628718647292 -0.24705283384174387 0.08562823883073754 -0.46496717463519865 0.4069622851395928 0.5440758685272991 0.24928859026186784 -0.3452656422417414 -0.18522747045313145 0.019763802313706686 0.4322274664117768 0.4512284821533284
8 88 0 0 0 0.21127559100231108 -0.13837154251535105 0.042232100539141504 -0.36202412447543897 0.5688453744082937 0.4774983814359987 0.3698209223464569 -0.33602349078330385 0.003870155924776769 -0.030777603790789514 0.7159620219309065 0.7641607588438178
9 99 0 0 0 0.16822139273491957 -0.07109131227808954 -0.09257962465750452 -0.5801576072607971 0.5139818840330351 0.4348970674879226 0.3921104172905841 -0.14791755238388996 -0.2212745818650866 0.06095284717895885 0.6478731273279887 0.4127577559368483
10 110 0 0 0 0.23365455827065226 0.04167701968736515 -0.037513786221577416 -0.5193123177674183 0.5621238532620492 0.4845824092039506 0.35906488642310724 -0.3157280025855712 -0.015606168852603325 0.10733785474605106 0.4801842928329286 0.3451930838184166
11 121 0 0 0 0.26379113668694004 -0.061212340193697465 -0.009049075509129825 -0.3583653874491064 0.22965629420405365 0.4825060343712543 0.4420707064210674 -0.21838446443451756 0.17041432707315715 0.24763616602029 0.42533788812692386 0.30144525577768183
12 132 0 0 0 0.10895148692935736 0.04811614339084773 -0.1302441892025436 -0.019516489768060696 0.2762852856650697 0.6202288944302855 0.4398973481991987 -0.10887834210193614 0.21785028722515817 0.13003613540962566 0.4266302772892651 0.4338099248185523
13 143 0 0 0 0.06036064354941384 -0.09454458297138062 -0.18255353800304924 -0.012221521256343385 0.3153922367303173 0.4857873415888677 0.273019790711468 -0.07035651998909144 0.0647163677155119 0.308356566514775 0.28805529891076903 0.4608477881711369
14 154 0 0 0 0.19425015366216558 -0.1006771634874191 -0.06963086213395492 -0.08478210339453335 0.21062540985141742 0.4130472020435749 0.21434861990103446 -0.19626879664627034 0.18941104305078638 0.06031248743128728 0.3164670019128339 0.14042108240143591
15 165 0 0 0 0.3350689278053816 -0.1594963641233735 -0.050234966800357266 0.02336227865831203 0.08510076765286856 0.23408566544702952 0.16347440152167414 -0.2517360379322204 0.18524105679803773 0.13707807345952439 0.25924289848454013 0.05544030346041018
16 176 0 0 0 0.3595749363194664 -0.04430087204309213 -0.08172343574497239 0.1906030953171522 -0.055215909361993776 0.04758020869103405 0.1367725657970895 -0.12409447948061206 0.06187118898341841 0.18048792551048393 0.10017104703469856 -0.04338637632581005
17 187 0 0 0 0.19789987719348884 -0.04698713266921658 -0.05193701830230685 0.1998392177845614 -0.02061952561058014 0.11852821620672396 0.13177232219674623 -0.06374747135972819 -0.01347063678664287 0.20735519704874122 0.15732407994377923 -0.0979372513533815
18 198 0 0 0 0.30053287685686353 -0.12994138998920382 -0.08245393183738574 0.06028626454319966 -0.03440039971762382 -0.06555177732997369 0.18925820069829305 -0.12210350585109715 -0.05002807891588454 0.1385918583388375 0.16362602836440512 -0.04016643885119986
19 209 0 0 0 0.16455492057619167 -0.059072014283493374 -0.048557026547328866 -0.04926208291623235 0.07383411713241331 0.08337020227816855 0.24224461600968406 -0.006505733239366068 -0.09421152884221348 0.16145429038612052 0.08209404513092572 0.05947544085292612
20 220 0 0 0 0.19693805181454943 -0.0905128647210151 -0.039872469786625814 -0.019998541050232514 0.03685142714880049 -0.049694081160577774 -0.03951469562568294 -0.0228078835053657 -0.17361168547535766 0.041987017923691694 0.17109131312627696 -0.032810485865557196
21 231 0 0 0 0.26399707299815534 -0.013893217536971994 -0.05671078819252993 0.07160146095382675 -0.014877767952301106 -0.10700164038725865 0.07967514681012731 0.030844887127135623 -0.0789477285680683 0.0933901858422897 0.182642005181406 0.02848001340379512
22 242 0 0 0 0.35187357149452103 0.07229317854560635 -0.13480994892232967 0.04453737906946209 0.030459867378078834 -0.1475344884869463 -0.02239320982707607 -0.013327854827309214 0.0782458111422349 0.13191227806317643 0.1293703617918702 -0.014585758487153253
23 253 0 0 0 0.25401073090623294 0.029416468331473447 -0.0901810870341258 0.04764602485005541 0.05898004155279298 -0.09577865626541279 0.04578874735411889 -0.17689692248640138 0.08109414077500127 0.16074463349562088 0.14976637068303034 0.07232678938594256
24 264 0 0 0 0.3745748037156921 0.1171264290197911 0.014836196045235062 0.08062456371692048 -0.02252334517250789 -0.05336789748478554 0.13568286846917652 -0.2038322840826745 0.07390961365265132 0.09666038952867148 0.09931098803133868 0.078251653431812
25 275 0 0 0 0.4174419552821043 0.1845404773441397 -0.046499049802685447 0.1496477983607088 -0.03477429657740354 -0.09271743557454037 0.13273625990666382 -0.17430888324073476 0.07373162612631727 0.12987347338990696 0.0390771341698904 0.07878419139245911
26 286 0 0 0 0.2612251753266293 0.1099315043582848 -0.09994687611738384 0.04439557987074101 0.11139626137053242 0.0421511143059686 0.12210236182573729 -0.13643302731679832 0.12328895924973718 0.09043402968615054 0.03489335728200013 0.09000151153807547
27 297 0 0 0 0.2957185385413869 0.04332380053724014 -0.0789288843945137 -0.036394324423139654 0.10506129822734896 0.06270205202353116 0.07594365156056716 -0.10034308195476102 0.04446651952165212 0.1350906161991677 0.04345491456250725 -0.0021069141974712075
28 308 0 0 0 0.22195104928344223 0.10943177061099515 0.07601019155011354 0.02608680239581177 0.017826065439130193 0.07364690751858761 0.036731142996302577 -0.14618296895060054 0.020281725490518588 0.09584833088969678 0.03131039958649268 0.09734758467166406
29 319 0 0 0 0.2110534976191905 0.10885588638103891 0.024560369748347174 0.029372831426636128 0.029348935162840182 0.003912198380566348 0.020424205681616923 -0.0697247237302429 -0.06981763478054125 0.10207586649096585 0.022386788282774187 0.04375080091573791
30 330 0 0 0 0.23038450276019268 0.08410480627723682 0.04502326452313768 0.062402893306786694 0.043386740085769274 -0.06317070991154619 0.03823585749417987 -0.07560577895851936 -0.08585851961682464 0.03818986469831752 -0.005945473582029431 -0.002796501105330293
31 341 0 0 0 0.2012992469555762 0.10634615366478252 0.049272796262691675 0.03802999250684827 -0.0017734260397676144 0.015410625944943773 0.039100975394170435 -0.13291300258822852 -0.07115968909129368 0.02200149762842616 -0.043162931178588895 0.0031143267930639398
32 352 0 0 0 0.16787038118733782 0.0865611546115352 0.0334113060319523 0.04300688461566832 0.018178447658585895 0.04083124592560794 0.06579245164871413 -0.07546744547681282 -0.019238627680091644 -0.014063928065785124 -0.02145043153644937 -0.0011719337121845544
33 363 0 0 0 0.2055991621239614 0.0830284247392469 0.02824848464338633 0.06474710522963685 0.031189863429396412 0.034495844594055275 0.025389703882464892 -0.0801106551738851 -0.005046516517381319 0.03198036727281675 -0.06161821796659448 -0.002513220221454437
34 374 0 0 0 0.23415587775481816 0.06910045737782346 0.017338244367586048 0.08120264016968456 0.01481714582602587 -0.03656907777015109 0.021469385417562378 -0.029169924020699026 -0.008386843262929256 0.016345692434302134 -0.017924276656948603 0.02028153565692284
35 385 0 0 0 0.25460860685604114 0.1041187011747971 0.020195711276238308 0.09482188658353449 -0.002398032408528039 -0.03485501589689246 0.03213120638349107 -0.022759451781696118 0.02886062670455671 -0.0016346173964196069 -0.009853016488472137 -0.028039888374338087
36 396 0 0 0 0.2510414937282855 0.04731749154413672 -0.011766596252531049 0.029061296314411567 0.004491831941394159 -0.028344566238786294 0.0370606393449553 -0.021035459471998794 0.02709072246316182 0.011620698473624787 -0.0426641935254033 -0.02963069901033757
37 407 0 0 0 0.24894343676701844 0.04070348406845658 0.022914432715975097 0.01590409553215203 0.0024669610593299547 -0.05262499055995714 0.044563858254202955 -0.0019530242837547777 0.017590008517958042 0.05237085575193906 0.029446691418333136 0.003990066853965992
38 418 0 0 0 0.2672292557906863 0.0944875231900247 0.03292427921972294 0.0443516915010714 0.001223310826972417 -0.030585285942886297 0.03934075933817015 -0.03835400097155611 0.027625344897636635 0.06009254581097531 0.03456444417619189 0.010768570580653844
39 429 0 0 0 0.21069625684570595 0.03048248646748132 0.03850874212508566 0.06401307646048134 0.007739764031747975 0.01602618659983031 0.038635252076069056 -0.03903181767225494 0.02581906951422709 0.06041274812288883 0.03008003722877218 -0.020979444868545763
40 440 0 0 0 0.187270887109928 0.028057690722708615 0.04175068163223439 0.05049849624842319 0.0005330110381990107 -0.02981215525988674 0.03665334703587449 -0.033254457346225674 0.033937743479736764 0.032299483217355145 0.008979950652026437 -0.034285970732646824
41 451 0 0 0 0.18266826585456059 0.059540186711488544 0.040001889434197635 0.04065401991789369 0.030319926771570423 -0.017102908498125003 0.008408957368339312 0.0043866968808729395 0.024046811550104883 0.023538447364532505 0.008767396574180365 -0.017666068939417478
42 462 0 0 0 0.18367603362415966 0.0656669327267855 0.0376540500803283 0.010167829431400106 0.019453666178929664 -0.025878768284342546 0.038466110950459625 0.010202720492527684 0.02094966929009884 0.007415717632217343 0.011580839645331535 0.0016363434180565496
43 473 0 0 0 0.2069801132361776 0.07469688379301039 0.00930563649538154 -0.0011512971925761017 0.026738307716945645 0.022666466020965524 0.03257904061316649 -0.010105256915033226 0.017413946436570023 -0.004773405818593035 0.016530828363765394 0.00229076409731391
44 484 0 0 0 0.2121845622914865 0.05589606283456833 -0.000580620183188902 0.006458802312680391 0.004457634791443326 0.03842921224892023 0.0347889438450317 -0.009397406181101488 0.007168715676160266 0.0018056586701202838 -0.010402513021032761 0.009116746391639365
45 495 0 0 0 0.2522725013219116 0.08291389273122693 0.00011220248964878966 0.004423576627953182 0.011459605435305704 0.020906456800823175 0.04513490224052259 0.008537502558379099 0.01666866894116145 -0.0030197166571740795 0.0027837415114414926 -0.012150759559939127
46 506 0 0 0 0.24553507942663202 0.07530924112096714 -0.0020530387266083075 0.012092635739101722 0.011084803481420318 0.005698104245322685 0.04586854351818627 -0.006126762814135992 0.021124810421314012 0.011895831768951105 0.0021904357331749415 -0.007061993876091821
47 517 0 0 0 0.24145458599539277 0.06682773398510113 0.004775753728102075 0.013254251189178707 -0.0022644139853779353 0.014269950793868778 0.041185081945671186 -0.010810080994180982 0.02445302689199508 0.004700317910730256 -0.010704992040811111 -0.008363134487913499
48 528 0 0 0 0.24680716646725614 0.05804628771533537 0.012559061765779938 0.004068956999675613 0.002338335611902698 0.007067544759028592 0.04664334237072964 -0.004890861385402729 0.02195515856572863 0.0022443830830103035 -0.0025204074053098748 -0.0013896068647674285
49 539 0 0 0 0.26113477617615527 0.06223805037346841 0.006980135259947764 0.0005172554252001801 0.004142644508552564 0.011123658040887234 0.043232747352691905 -0.0007619271553652883 0.013661423634759248 1.8654775878366656e-06 0.014087075237073029 -0.002548518731878237
50 550 0 0 0 0.2683271603780486 0.08204313262373125 0.002537617955567028 -0.0008514144424580945 0.004518339203731717 0.018822019358699954 0.03455204016410179 0.012367112211142825 0.017486401443062675 -0.00014957623370383103 0.008924124928403466 -0.005541470758704934
51 561 0 0 0 0.2725211249966329 0.08452908351924734 0.0172024155671183 0.008471957751446896 -0.001604698485470843 0.016051898287059663 0.027802043538286383 0.006211785467205242 0.021139654228110177 -0.003431885075582208 0.01832806361899366 -0.0036412150512562503
52 572 0 0 0 0.28133005302812036 0.08922928740886643 0.020048695090857577 0.004206667835712414 0.002936808053164308 0.010033227173013375 0.03766185848488289 0.004668908244095286 0.023516638176355683 6.495773940891434e-05 0.007792424349584633 0.001034831253355881
53 583 0 0 0 0.29530851429198557 0.09175565522213813 0.018312763280476298 0.0036814473006152168 -0.0027196896925787703 0.003045958657367667 0.03377649980049939 0.006202370545145064 0.025192554603457314 -0.0012451833536004375 0.002976659160713116 0.0012590941169569826
54 594 0 0 0 0.30481794385424493 0.08218299086207323 0.008371416385868462 0.015093964998894035 -0.0009636910381437417 0.0018659923043810999 0.03794042058090196 0.004892484239605342 0.023800822299687677 -0.0035525978082270233 0.008883205246317449 0.0022249820564751487
55 605 0 0 0 0.2976113922651788 0.09306303955624003 0.0021005706523127016 0.0064363543867365335 0.002856474039411728 0.006556045566946926 0.025271720453656367 0.007353101786581672 0.020226270386799843 0.0017395898843766675 0.017286634496993497 0.004555664979861786
56 616 0 0 0 0.30664695467590675 0.10506708632595227 0.010111980705522565 0.018780088864722995 -0.0050678990722456945 0.010774193042453733 0.014907390888349163 -0.001642078988973875 0.026839463371951294 -0.0006892788656834704 0.008772040593154874 0.005492232918752794
57 627 0 0 0 0.3267390551567721 0.11235739540911714 0.010175358644221777 0.017688817010913575 -0.014510824862140963 0.007349963130767033 0.02203649192309781 -0.0045676924923085385 0.024609820786183866 -0.0034476531387702654 0.008413565173659243 0.0014797420885687357
58 638 0 0 0 0.32752386001882644 0.11376795032156009 0.01261070965505621 0.014711637667071101 -0.0060193110063515316 0.020080825250511025 0.019238281066750774 0.00082209828414274 0.01311612487437105 -0.002195246895443048 0.014406454089986476 0.0034425682175964665
59 649 0 0 0 0.3262659344409421 0.1108484315839719 0.020294836562694405 0.01594641313266431 -0.0034936127986698365 0.012526490052034461 0.01767310916993702 0.00566788143263796 0.015873650928767052 0.006322796223944292 0.01816865737963595 0.008825700778148713
60 660 0 0 0 0.33168885329584435 0.11311782727048053 0.024355231173381 0.015547303367327106 -0.00558433350575303 0.011195941426616415 0.021493977537488544 0.008799606773678616 0.017519500695148335 0.0048844304134250316 0.01475546689737151 0.006897537093520986
61 671 0 0 0 0.32834202533774814 0.11040437363706693 0.020807006007253617 0.01644935924399256 -0.0013891110442753197 0.009960848260526513 0.015911109461823825 0.013742430055087787 0.01330736005780217 0.010961530924761646 0.01886175584216255 0.004172158100964485
62 682 0 0 0 0.32857194380059473 0.11821129013078377 0.024090890980511714 0.014311432280985284 0.0010147176477095796 -0.0034575636195770896 0.01211644048468998 0.012223223654836204 0.016992430514756893 0.011924535226210103 0.02381077388242531 0.008309853269978849
63 693 0 0 0 0.334908140731753 0.12360064811088903 0.026623221724059263 0.014789721577815735 0.006892514165786744 0.004346035771298123 0.0017638504999042178 0.0047401467507044315 0.021126164920091506 0.005989592671974776 0.021667115763932602 0.003923878632988937
64 704 0 0 0 0.359396014019985 0.13207265248343378 0.032407166413173434 0.01314857655705987 0.004811617727418415 -2.3993572813270705e-06 0.004854036440393365 0.001877194464902286 0.020053992701131312 0.006586934945123882 0.02083859267031075 0.0026366295068658476
65 715 0 0 0 0.35213367147153835 0.13644347608410368 0.030776198216979134 0.018911820560472255 0.006464440468679203 -0.002826727219364126 0.0006643249751830055 0.008353795759975418 0.016765961542507812 0.004852690287693128 0.015920263744796628 0.0035869713930631285
66 726 0 0 0 0.35947463639240196 0.14405182379780532 0.03620696569983559 0.015764293529807294 0.006124164250889424 -0.007124207547537371 0.004413788891785684 0.010325078113680377 0.021534292190045823 -0.002884745960767825 0.018255223619049066 0.0016723025921079838
67 737 0 0 0 0.3658957978689173 0.14919107510041454 0.036716100846371155 0.018733748419744657 0.009189676879955422 -0.005959777302151745 0.0016773943039545412 0.005418751871553297 0.013149871162797902 -0.002525754108419933 0.01667922966025291 -0.0040482136098501185
68 748 0 0 0 0.3735773439575328 0.15384054730912303 0.0378114426533178 0.018244617661882893 0.004826464622629942 -0.00593742435089024 0.008270583316975727 0.0068463085032971 0.009959631486912413 0.0063661425425582206 0.021511947260377057 0.0045234304826712035
69 759 0 0 0 0.3903194323381498 0.16664450859161276 0.039046147307148976 0.024473714529843062 0.007086027221601084 -0.0029066653672643267 0.004060857326396973 0.002514794798757952 0.005834447317632538 0.011152572002089904 0.024545510160311132 0.0007241895306270502
70 770 0 0 0 0.41526486845814325 0.18292855412374484 0.04004749950466142 0.020078622586331914 0.013333587791443918 -0.0002074705309364584 -0.006297695840547596 0.0023194119755553834 0.008032431165579654 0.009848686714521042 0.02922187283242781 0.007841337218466868
71 781 0 0 0 0.4235268699538678 0.1828134514140438 0.04452722837331342 0.018547011139074553 0.011004204446728822 -0.005256235187187536 -0.006800579564086746 0.009779222364327135 0.013923894823252327 0.014682249195900738 0.023567303156592133 0.013990757445156323
72 792 0 0 0 0.43634083077862323 0.18685078903173896 0.048468814339015995 0.016723311445193397 0.0046218143816715886 -0.002846498294898303 0.005410517073027051 0.013401739373470037 0.00899410877302777 0.011983624643734763 0.024006657357513287 0.008387773396207058
73 803 0 0 0 0.45104563684455873 0.20607536538118845 0.05470949596063881 0.019668067496464027 0.004806136646654508 -0.012403192838911668 0.002379581145742835 0.011004993373740436 0.006590567414224956 0.020641685291012866 0.02578958553791838 0.00529826710684364
74 814 0 0 0 0.4579856949481111 0.22004920276210027 0.04527286945188082 0.015054274332475066 0.004885288373374606 -0.006285868867996937 -0.0029733867070369695 0.008691455244534753 0.007355008265611291 0.012335553253329266 0.026971195175558793 0.00954414464178826
75 825 0 0 0 0.48224539016962087 0.2421077917220327 0.050856727647020206 0.013367186244621626 -0.0012415157594062153 -0.00803168769463718 -0.009377117243873703 0.011829766779396402 0.012494580715449784 0.007895789097320102 0.022024117680092558 0.004404731774973604
76 836 0 0 0 0.48513616321383407 0.23638044214994688 0.056145023450293076 0.013166001195298186 0.004129907055278943 -0.008684926058037588 -0.008352918400669986 0.009370885585427348 0.01254709883290413 0.010968470461438277 0.023734359786246648 0.005279633439575408
77 847 0 0 0 0.4675388251079753 0.23091896058220038 0.056654040743026095 0.015279112825429222 0.007521512071134041 0.007170824705663881 -0.0054466977249007335 0.013435881629975218 0.012706817484850306 0.02246566711042605 0.021111105919841913 0.01233406507961881
78 858 0 0 0 0.46047689888708376 0.2252874498996886 0.04379370739972367 0.014840272737803303 0.010203143564810136 0.006164752772441888 0.004128012599674689 0.012164610438420216 0.011814818316038724 0.017196231818382732 0.016148512527989132 0.0024296431948242544
79 869 0 0 0 0.4761328147147547 0.23094900156735246 0.044982632282983104 0.011115584600494123 0.011306081738386143 0.007576982520645009 0.011257042226470823 0.003494899407762455 0.009846442163968704 0.009639618769172568 0.015379918380769998 0.000686331735112422
80 880 0 0 0 0.4937269290749492 0.23848245098586626 0.0475263907986074 0.008934111875447065 0.008885389155191338 0.005160562190266893 0.01141913750636615 0.002205510329879263 0.011476572118021854 0.009380248856884951 0.011158682531479768 -0.00409005552917888
81 891 0 0 0 0.5139044988744205 0.25377856116497005 0.052630321537175014 0.012072309788403828 0.01290863568166818 0.006373845577218417 0.0024483412781937247 0.0016828475128484574 0.007252262249191261 0.01647793926195651 0.01657997785762634 0.008505505681612803
82 902 0 0 0 0.5414897968790429 0.27867438635788616 0.054496969468504415 0.005810147521830774 0.018575473857071596 0.0014111893787337642 -0.004273130145721116 -0.0014930041907249526 0.007114092185763519 0.011099195041888148 0.014365581929860914 0.006047374283663424
83 913 0 0 0 0.5259012313966952 0.269478602481524 0.06094332040695253 0.017180211317102057 0.007562002101290087 0.0035731538646028528 -0.0008379268485255238 -0.008968742666523569 0.01202661587718593 0.004821613723151962 0.009410663093697648 0.006679241140478598
84 924 0 0 0 0.5488195052059284 0.2883784136742532 0.0704542451366282 0.015265993793875592 0.004443640518997111 0.004590765941345337 -0.00906967213006105 -0.01532266101999221 0.0160630905913263 0.009078684876168398 0.010542821360903832 0.006722220950765227
85 935 0 0 0 0.5304359079290247 0.2862654290174585 0.07532556465724578 0.02077888770144406 0.005750690235187785 0.010518543220005503 -0.004002148008574666 -0.005208665516923738 0.012138921415185081 0.010240712157705374 0.006125793280922604 0.004190789968290755
86 946 0 0 0 0.5533139346514254 0.30608007925567154 0.08357320417133214 0.019438996906933157 0.0057153261008931165 0.0028226423333585137 -0.010941086450637065 -0.004302221466115485 0.011218114346235113 0.011593006693723243 0.006865254793948446 0.004551545241433509
87 957 0 0 0 0.5535301299326271 0.3119033628927509 0.0875013011689708 0.021352530478739567 0.006554804479479028 0.003461318591820596 -0.01071124714294075 -0.0021068298456537867 0.017528726146779 0.01346168107121819 -0.0010871743243199665 0.00596371599376152
88 968 0 0 0 0.5667935677864125 0.3213830019954291 0.08985498787232812 0.013087118262663353 0.004014200406231544 0.004858177911587017 -0.0002807920214943603 -0.0021794567363839674 0.015019119000064116 0.017394510708385925 -0.0033506602040422303 0.0038548947163904025
89 979 0 0 0 0.574817280836133 0.32876342074696707 0.09330986376252819 0.018149454993062135 0.0047218890476885995 0.004423301176370736 -0.0001357842532571067 -0.0007301767651023718 0.021405060831491896 0.020965169479588076 -0.0031626013640264072 0.001064021956411984
90 990 0 0 0 0.5802413756403138 0.33403531365189176 0.10169854244964362 0.024104602180432335 0.0041214701035379745 0.010595918448900935 -0.0065105556986349246 0.002763542274736572 0.02769584927515933 0.02671151615009794 -0.004966328485837961 0.0011068540624967187
91 1001 0 0 0 0.6021333219791347 0.3542067048763681 0.11517939611787346 0.02297554393336917 0.0007850083082510903 0.0028057669403392356 -0.0020063268648651015 0.005955342364392127 0.021636005951706658 0.033704363039498336 -0.0019148718600875405 0.0026939920618632173
92 1012 0 0 0 0.6140640537110985 0.3577165407266726 0.12420344963634418 0.019192559564344118 0.004075541312790368 0.007434282677219876 -0.0074273521663946905 0.011712578741162464 0.017659383231494043 0.03268730836850643 -0.0015536123297729388 -0.0047571216360819905
93 1023 0 0 0 0.6133826735809127 0.3604015441057987 0.12854299834399463 0.02404466722472687 0.0013732892765192309 0.010177659721773258 -0.008782672404609563 0.01842240763475453 0.011635715690825919 0.034382038770385336 -0.0047834653610392035 0.0015166136401088028
94 1034 0 0 0 0.6200513064845484 0.36041998014556853 0.13278388734278054 0.024845680760715826 0.007304358400689442 -0.002053979015143606 -0.0030545881680049958 0.011403925413817094 0.017165794100791925 0.029005002684117362 0.0007807254603344541 0.0036018495185869163
95 1045 0 0 0 0.6181133835005931 0.36261828727374834 0.13221961421027234 0.030543140937370417 0.006116233877559825 0.002818502655082239 -0.008073512359422278 0.013189559720357583 0.012971726101023354 0.028396095184446968 0.000578956084880614 0.0061888560787003765
96 1056 0 0 0 0.6279596608509365 0.3757977957073269 0.13001557589357948 0.02693093895423337 0.0011906707403599032 0.010903407373630648 -0.005318472355238656 0.01417321235183469 0.018196294593317487 0.022071818844018005 -0.0034050365240112087 -0.004054440822822902
97 1067 0 0 0 0.6203404450635428 0.37442566560942275 0.12260558972535907 0.028570959078449427 0.0009496892162016871 0.011909820113684919 0.0006658095256145621 0.01880499071723308 0.01353077272944828 0.021872662686188107 -0.0011415084308493187 -0.0019623523487214798
98 1078 0 0 0 0.6126140744915385 0.3733284061050843 0.12309855350560595 0.028983114168883706 0.004056913394920286 0.010421727269421128 0.0038202259143255007 0.019706511469001226 0.013490254183837584 0.0220940318773308 -0.0018917169038283155 0.0038058242074420373
99 1089 0 0 0 0.6294336518451874 0.3803831399400005 0.12657782616542804 0.02383503728798123 0.011146715203194501 3.066996015552506e-06 0.007059348799381967 0.016615753591463164 0.015605510079542641 0.023164166399362782 0.010339520096345834 0.006855415893806685
100 1100 0 0 0 0.6329379555086689 0.37861774309691903 0.13147098399503346 0.02644863739195907 0.01471557892558133 0.008934749524263378 0.00803492384806118 0.01730987287089979 0.016519756238135463 0.02096085554047725 0.010049220831447304 0.00836683358563309
101 1111 0 0 0 0.6328357510738692 0.38275610671404164 0.1462583599262697 0.038736810446597165 0.00799376539987505 0.007475854686320301 0.00794177769333909 0.015179165420389721 0.01840769817576093 0.016729188973296106 0.0053767269102055456 0.008341506849712979
102 1122 0 0 0 0.6304672868554324 0.3837971838810064 0.15027055882109705 0.03688437374328887 0.00701853510517601 0.006764148640895543 0.007738762704162221 0.02131472181530522 0.014637445105169079 0.021716023781075792 0.007658465882873604 0.01230078876125233
103 1133 0 0 0 0.6466936359934291 0.39858378481096596 0.15935437236633068 0.03436895937961605 -0.0013853939153196104 0.009970910746617682 0.014937831870255663 0.01775285167447828 0.010502708169465592 0.014454594097064734 0.010628438696771655 0.0080626962802397
104 1144 0 0 0 0.6420770325121269 0.39997724713976357 0.15798071400010977 0.03601572017931224 -0.0061975188275806585 0.00706869704647082 0.01661239169272521 0.019616853167350293 0.017029274449024447 0.0069674588202621795 0.0020927220031159224 0.005777357202269752
105 1155 0 0 0 0.6404632450131607 0.3910880358395767 0.15476587534739433 0.03282822950711275 0.001381917277657736 0.006232082738638636 0.011427283221451092 0.020147086478366254 0.017218615930478534 0.0014858631458170065 0.011669563672732416 0.009367847230734788
106 1166 0 0 0 0.6325481719980689 0.3922307256139729 0.15344834697343676 0.019178001149401096 0.0035841525945725767 0.004421701142528695 0.004192226805357326 0.007758478163615294 0.011242688940198284 0.009611558363873047 0.014040439252818433 0.009043447870732189
107 1177 0 0 0 0.6486246116520641 0.41438797052988036 0.1717706817052336 0.02468150387236156 -0.00016063866958246093 0.0035096930669129825 0.004235686873155536 0.011208856880519319 0.015183157507270981 0.017265075380279694 0.012150234727464591 0.007352483620278602
108 1188 0 0 0 0.6607707854944688 0.4290617972196128 0.17744159439382196 0.026440087531924873 0.008449242739014939 0.008940627465645326 0.002268437941719874 0.013268600777252974 0.01611408176373816 0.016480687773376707 0.01629887261450718 0.0017043352061567952
109 1199 0 0 0 0.6635610807921617 0.42909079791211185 0.1829893391255762 0.027076620005350577 0.0034108583743208114 0.006101215645888783 -0.005742145012160683 0.006017450236308044 0.020574421860991943 0.01237699450668019 0.016151108559171377 -0.004699985242400902
110 1210 0 0 0 0.6758651548387884 0.4477008797749816 0.20190512652578801 0.03447871365915571 0.006048763639882032 0.010197308421648054 -0.0012408167497715023 0.007594358862293346 0.022127071473248307 0.01052943006168077 0.01937735820013148 -0.003928925666836379
111 1221 0 0 0 0.6920598708703957 0.46581726807970036 0.20878222509490554 0.03499406809954938 0.003911294175977522 0.01665872340215269 -0.0036599255777902645 0.013941632520637038 0.016415669631244825 0.017444981806714176 0.01852083725294571 0.0004890499214477489
112 1232 0 0 0 0.686663274283807 0.4669789190672503 0.21719987482472 0.04199739448118306 -0.0014404152652976628 0.02270240063770077 0.002169575777697301 0.011818473110020553 0.016601523396007553 0.015248219847404442 0.011889784032777257 -0.0015096252084937007
113 1243 0 0 0 0.6777062796976777 0.4583515425008631 0.2193470755233 0.04433376910569484 -0.003968918371615021 0.01799768861015366 0.008619663261396834 0.009490924106008098 0.024001389731030384 0.00641498657315066 0.016938467664517638 0.000570438463065173
114 1254 0 0 0 0.6876903487517325 0.47027068865771826 0.22062813210052257 0.04119360914248789 9.184356788251823e-05 0.023826768168381945 -0.000935504000863981 0.013895735175530213 0.008365897075889254 0.008390907629728753 0.011610506779201672 -0.000553243979595357
115 1265 0 0 0 0.6939436033422178 0.48576852096332107 0.2291393874333126 0.04634080500359047 -0.00039618499250870386 0.026852458884726472 0.006390491664589541 0.01912741833456678 0.009156109664900243 0.018914080534833237 0.012347193697637253 -0.0016206979174730135
116 1276 0 0 0 0.7057762588168958 0.4986690050552363 0.238087616806985 0.0493186569832214 0.004074560136220576 0.02291183089396146 0.007816364521882276 0.02235998102031223 0.016866991163509544 0.01642701476935692 0.01763980547507034 -0.0039238556099082155
117 1287 0 0 0 0.7047066608049686 0.5077218330489881 0.250865956736585 0.059051164414189374 -0.0023853820376051396 0.018496131553809518 0.007601139664127318 0.023241436113346267 0.013872569255859812 0.02148019597980076 0.016175646242617192 0.010125306208812739
118 1298 0 0 0 0.7066195214861863 0.5092076115993426 0.24917059016008547 0.06064763980422343 -0.0027058968645600743 0.013404978685606542 0.017411333822671175 0.020534975601560226 0.01898292869207391 0.015766994555205936 0.013998896095987211 0.012280559268423294
119 1309 0 0 0 0.7293424445607934 0.5274248797818251 0.2650665413548482 0.060297281711521225 -0.004933643224459854 0.011113843890624022 0.013881728629563394 0.012559095673910737 0.021164701614455137 0.01793798738677408 0.01698525823538541 0.01394470814899019
120 1320 0 0 0 0.7331477573721411 0.5369776547126595 0.2773726862590712 0.07171343930311298 -0.0018280295393194304 0.019005083734700445 0.011176782916518368 0.013066997673645817 0.01832405884439838 0.01575909984916916 0.012578486199052899 0.007388960852639309
121 1331 0 0 0 0.737736814757233 0.5441609896234282 0.28853995835001983 0.07949687558208286 -0.005071912398303845 0.019595494068310768 0.012355980426404381 0.01375660269708503 0.013269587268294573 0.016615384215125376 0.01479154195597204 0.015967234579076343
122 1342 0 0 0 0.7515239657045893 0.5575904239619139 0.3016489194772459 0.086750226689743 -0.007043353101756349 0.02011819235893473 0.019422087245679804 0.013449498380105873 0.014222154957501565 0.023657948371922977 0.01406722976455546 0.006282511270414959
123 1353 0 0 0 0.7717398099483709 0.577982021056345 0.3179248827674105 0.09621339791633898 -0.007209682388031586 0.021715629426085126 0.024985875119103572 0.005078840385972323 0.016133252455964822 0.019575638302636127 0.018776200363641807 0.007464168707103842
124 1364 0 0 0 0.7733237296666222 0.5829393884082115 0.32233773629463536 0.10076211630299939 -0.0009606618032427456 0.020791353024623285 0.010773162482514554 0.0028329669515680055 0.010767607741067784 0.01591134377267875 0.01732824411114185 0.00402085906632672
125 1375 0 0 0 0.766638390868884 0.5860245847572548 0.32825910222196253 0.10461497494031093 -0.0015417987737169267 0.019264575822967745 0.015444288195988842 0.006583491144712989 0.014600903238731554 0.0026289359454094545 0.013393857067770621 0.006250940551660941
126 1386 0 0 0 0.7633972953965154 0.5758849981196104 0.32895414535544687 0.1053544292902588 0.002505200228373263 0.013487278483402657 0.0225211015424153 0.004663955805883147 0.011997548201666352 -0.008633952910517583 0.019333243243868647 0.012427109497958225
127 1397 0 0 0 0.7425716382343502 0.5597504763728521 0.3157141876012068 0.10446270274773242 0.004933608062892075 0.012684347234462828 0.018231524152881557 0.0046179705755243885 0.011476285721980608 0.009936179308345035 0.019390196350089532 0.01702192042832236
128 1408 0 0 0 0.7558995234165095 0.5793014065181198 0.33493562395241067 0.11281678250552324 0.005410452958924512 0.014103837659371496 0.02046768773783065 -0.006278553180502427 0.014401162612810508 0.015792562110868463 0.029176707743133745 0.01885264729078845
129 1419 0 0 0 0.7755312107706976 0.6081130907317517 0.3591822687817654 0.12530635719879515 0.006699476622591662 0.015926500597154655 0.0167628978574065 -0.003103186686435885 0.009171230882414717 0.0151719782421546 0.01872113740965499 0.021445565581099526
130 1430 0 0 0 0.7725488914108064 0.5967779235967948 0.35007069043482875 0.1241409716905733 0.01084595654418445 0.015245958806234 0.019407148399299797 -0.007348251958842695 0.0013050048290614569 0.006590614504018781 0.018481051070986538 0.013475397969147191
131 1441 0 0 0 0.7826816718056626 0.5985028086719819 0.3557757452384418 0.12658494660536307 0.009862499993404415 0.011058990133238788 0.018161499442917485 -0.008309992742403608 -0.0007216351356892194 0.009020700502435933 0.01917566501469826 0.006048368471319545
132 1452 0 0 0 0.7997206061131445 0.6236774272897836 0.384140580935737 0.1445030241890511 0.010482197233737124 0.01376769616605501 0.014220458202125051 -0.0035073478598930067 0.0002055068809145088 0.0064413381785017095 0.01866509717614955 0.0030463787262754527
133 1463 0 0 0 0.8114677795065286 0.6455461308221525 0.4001377120888459 0.16203840870345157 0.01509003935827003 0.016387196092842622 0.009454385513261849 0.006109193094810074 0.010425126749621915 0.0003740723616204311 0.014766721773458159 0.003916094285798095
134 1474 0 0 0 0.8100742550198256 0.6441363453191128 0.3998878916920212 0.1555130757265477 0.019642404338657684 0.013914791797384241 0.005173304832746752 -0.0008346018322820462 0.010289000307878023 0.004357096340599637 0.020135462409126278 0.0069221600805990605
135 1485 0 0 0 0.8051968465808313 0.6527166238744324 0.4067238703968213 0.16506130694998802 0.01157681259394888 0.014013299286258631 0.015384204513056539 -0.002727879563377069 0.010803405915323916 0.005330716163042011 0.02138293207502185 0.00996887498590275
136 1496 0 0 0 0.8134693977713139 0.6615481475754725 0.42532339682314435 0.18035025288176448 0.018305510447089387 0.023310381871611358 0.015715455636701528 -0.006577816642999291 0.010957658626177605 0.007030293875031165 0.027040406786464386 0.010007323101164398
137 1507 0 0 0 0.8174894141534134 0.6621730386106073 0.4306633702571558 0.18053242354774215 0.014065097877597571 0.01718828287167925 0.014688857929962166 -0.0036092245140624127 0.01888912039773008 0.005888153459391303 0.019866886644533933 0.011586724896778687
138 1518 0 0 0 0.8081013317733814 0.6620416881192255 0.4325817217377914 0.18514694575420723 0.023119611981868106 0.015555000185666114 0.009785241479260872 0.0006661761744827053 0.00857407607935968 0.00924142439785847 0.016617639456471968 0.012078569858311706
139 1529 0 0 0 0.8045185763498844 0.6592515816358495 0.4317013085728014 0.18847813263759855 0.025118591574574384 0.016573946866341064 0.012129345034932005 0.005995965731577766 0.004977051996300444 -0.0009742085828066162 0.012997058577008875 0.01798265617912965
140 1540 0 0 0 0.8131102596427342 0.6740866872894515 0.4432945456736228 0.19493914396379328 0.03520334763536793 0.018142781426643762 0.005335622305285004 0.0047139612630672754 0.006678930908794908 -0.00406637298241668 0.01074006031549024 0.01605830882011319
141 1551 0 0 0 0.8138317326168136 0.6763106600207692 0.4531626704490939 0.2019792028876022 0.035771575547720195 0.020243872322874785 0.010673026172970437 0.00639117912077583 0.003664994825841795 0.0017345983405031625 0.014788371762891816 0.01500120629343238
142 1562 0 0 0 0.8270176846981623 0.6857582986633342 0.4652601589937517 0.20578542869511132 0.03350730870867131 0.019008960587904147 0.013740816628713438 -0.0015421872571782262 0.0022828821818650586 0.0004383404606081824 0.013957657913677176 0.013194867188633516
143 1573 0 0 0 0.8222609013595098 0.6779875081858682 0.4615252907293285 0.2080577122529487 0.03375156856563328 0.01877193032828886 0.013982706940646128 0.007123000798844964 -0.002519358048752164 0.0017464193274483262 0.00806968204353725 0.009610287374287258
144 1584 0 0 0 0.8251382354518662 0.6849620722806588 0.4695375882497629 0.21264348991098106 0.03407281927657951 0.017206388593271157 0.013842111246913922 0.0006042839737707547 0.009167889905204021 0.0039795276421342235 0.011029221294390715 0.005243728183073298
145 1595 0 0 0 0.8287034250126021 0.6956894599675189 0.4775053527023312 0.2218836826129528 0.04074524974614061 0.015889597572242467 0.011757569353100673 0.00032147301220664527 0.010153374887561835 0.001404334456863771 0.010588308578873601 0.010300056339437622
146 1606 0 0 0 0.8405127410173842 0.712167701898608 0.49202084355712083 0.23065486415905373 0.03963005343394496 0.012210910628175729 0.013258829344716052 0.005299012173731698 0.009706999579954719 -0.0018728438961786182 0.0014692802171175617 0.010165372217696545
147 1617 0 0 0 0.8326836741019615 0.7044206464724991 0.4894654490824293 0.22985372262095027 0.04343517699205258 0.013562076028662154 0.01295756006818791 0.005926739277383623 0.00677759131213867 0.0029393805537077334 -0.0009998029233689995 0.0068954770535117295
148 1628 0 0 0 0.8339792776806207 0.7052164834248763 0.49837380911338097 0.23436437720243344 0.045953136814759994 0.015581571583391164 0.007799659287958099 0.003006279179802207 0.005008260205319392 0.003627016404952633 -0.0022284726362648043 0.010648952637591332
149 1639 0 0 0 0.8476871812477409 0.7178359175319114 0.5109987438259382 0.24179518429140756 0.04613344708120627 0.0132278101115842 0.005666977856746133 0.00018537949942241385 -0.001751319083618673 0.0016839964343420746 -0.0007100711605975301 0.009712827553735023
150 1650 0 0 0 0.8481728970012777 0.7149197127336759 0.5110507805751276 0.2433678001661677 0.04771955948171921 0.013472054353420946 0.012677285630270313 0.007096513054465514 -0.005273527390045034 0.002898047245969346 -0.00012213797120061453 0.009458127190480595
151 1661 0 0 0 0.8439604317570928 0.7144669181104444 0.5099177652138945 0.24294566639602486 0.05443226577359976 0.016237333341590336 0.01262834817865482 0.004644252534630472 0.0006160496593869778 0.002402516438484085 0.0030814576054758076 0.007743049536681314
152 1672 0 0 0 0.8509874161254496 0.7161353150155535 0.5118144487474416 0.24872039484226283 0.06295647819246163 0.022745939062710278 0.007218609201523244 0.004195994841688057 -0.0004290250411721037 0.006701361169248526 0.0036385904603775045 0.004135542317064469
153 1683 0 0 0 0.8438085873830783 0.7114736699440307 0.5161013405158521 0.2550192008152637 0.06837426173601033 0.020735172920291464 0.016840084836989826 0.0056901817123456485 0.0025951202780575824 0.011302417490283169 0.005291610373562345 0.005467684576439646
154 1694 0 0 0 0.8592289539813255 0.7280575147198353 0.5258693678410493 0.2606268877686141 0.06497662631194238 0.02179882864331148 0.015204040636483774 0.006985616406999754 0.008777037600110574 0.01019655882190861 0.005062444718279343 -0.0016818058484301106
155 1705 0 0 0 0.8575281138968966 0.7322507065855235 0.5314723522335315 0.27045488879041973 0.07140784119986018 0.02134407517497862 0.013391197956588743 0.010861316914416667 0.008987659919660142 0.0071861800325146 0.006179360554610552 -0.0035235821566424706
156 1716 0 0 0 0.8619555538426793 0.74041420853357 0.5507217770039835 0.29086493213895687 0.0836058241267457 0.024168530586551842 0.011593507795134492 0.011389205406463968 0.0039058054917511086 0.013198925599395103 0.011867133029626798 -0.007232614611725883
157 1727 0 0 0 0.860441570391899 0.7454385012096123 0.5542907669328931 0.30242556783700514 0.09931989781008961 0.020626730754054922 0.010271199699638283 0.015653697011213028 0.006071016172846064 0.009041948587023946 0.016221466943463915 -0.0028479054835404563
158 1738 0 0 0 0.8510553049087018 0.7343311384988521 0.5489848413093052 0.313043467933482 0.10330440986642243 0.01549826747666449 0.0036738268994320755 0.019311718761801953 0.011556646434148159 0.017276255399077706 0.018527712700245464 -0.0026778659013229284
159 1749 0 0 0 0.8653989505170699 0.7449415033412174 0.5724560980530119 0.33143605535678244 0.09901495941670624 0.012294037940722114 0.015065990283365253 0.024012118266524628 0.004109657475567135 -0.0005295313294689033 0.013510532139495286 0.0018691868974896704
160 1760 0 0 0 0.8874299458366186 0.7760851961841211 0.5918305484925013 0.34924314394781797 0.11010687044387815 0.017162636258101025 0.006950912227649916 0.018703739869147615 0.014203875723167657 -0.0046123539812495465 0.017518313060280608 -0.00263056161026664
161 1771 0 0 0 0.8972965718613455 0.7875307915495006 0.6163313229627463 0.37226898634222444 0.12333692400051884 0.026573938508919627 0.001346869581053147 0.019386613983347283 0.013978513727819497 0.004736906981382783 0.0169510401665878 -0.00023978395707529698
162 1782 0 0 0 0.8855805191514023 0.7636572958715454 0.5961994358343008 0.3665026587177909 0.1209269383844661 0.01838496870887757 0.003399818432100176 0.026102498160442394 -3.8354523780812985e-05 0.011278837756252156 0.007842419990154689 0.0029068467988709753
163 1793 0 0 0 0.9010600497684185 0.8011926769168303 0.6381377666626744 0.3907816128503615 0.14845216273875697 0.022702478008285225 0.0014266274990580373 0.018748889049301925 0.001722281395583807 0.01809239538804862 0.017991673729749177 -0.0009537057229330507
164 1804 0 0 0 0.9054884203250282 0.8060915840534423 0.6372965097153117 0.4012607878329992 0.1647194098569113 0.03202563041355071 0.00085964554827127 0.012764507807237079 -5.344740917143163e-05 0.018479988245635678 0.015430391738120722 0.00871260804915496
165 1815 0 0 0 0.8916608123222471 0.7865893759183072 0.6211488218905368 0.3790943429772404 0.13607966495180898 0.028545412892800087 -0.007110058360470529 0.019099388993703923 -0.004789148410084048 0.01905712959445215 0.006296170916985483 0.016260068697046895
166 1826 0 0 0 0.8952299589034688 0.7982383672573843 0.6381226403601352 0.399403671605824 0.1713822961154568 0.035188250643229176 -0.0054254581307973185 0.021954424573771482 -0.004295108449812248 0.015523859655229521 0.014746929217138037 0.01515245943783089
167 1837 0 0 0 0.9050632339351459 0.813670881949944 0.6531604295451664 0.4090965304184224 0.17017694940361577 0.035749334101885424 -0.016887502264881123 0.014652235061260888 -0.003951265456728826 0.011874837590943342 0.012852672577985558 0.00822840924979317
168 1848 0 0 0 0.9011211459631101 0.8079736998937881 0.6454660557675883 0.41935641194947476 0.17410794915038402 0.03680010504486585 -0.009737596518865809 0.011923516148050076 0.0031929442861864266 0.008067298407675281 0.02211489525021936 -0.0040238965683845485
169 1859 0 0 0 0.904350172040076 0.821255428862015 0.6627437880419595 0.43793741852714363 0.19491360285587137 0.038111859981607446 0.00035132389249043286 0.031018207238284683 0.008260331389226936 0.01603856260049637 0.02572296574974027 -0.006203156988354864
170 1870 0 0 0 0.8959080137932122 0.8017073289932956 0.6543114385373885 0.440996409949731 0.19943105603735137 0.03850658369242626 0.01169989543253506 0.02726909331902258 0.011037743326357203 0.03514589854845638 0.026990251597092355 0.00019160399120913066
171 1881 0 0 0 0.920424234267301 0.8407324921982625 0.6865642119380931 0.4677453496934604 0.2242207593804339 0.04775906928748031 -0.0002462084069711299 0.03188790090533976 0.01233283653663307 0.024130836646191645 0.026254010028523733 -0.006829851482245797
172 1892 0 0 0 0.9249025065158047 0.8522830467863199 0.7069793462628929 0.49541514148902827 0.23887330320272482 0.05165354331070542 -0.010683646287914567 0.016315312453178403 0.015766571233137145 0.030882447102938908 0.02672198280657225 -0.010712804664167628
173 1903 0 0 0 0.9148489376467538 0.8428095340482643 0.7127106991218158 0.5094087287297964 0.23632426898455014 0.04671498695690475 -0.01610659459373063 0.013439321503750169 0.016761604890545193 0.031181828500964945 0.028899635655677762 -0.015192362489831635
174 1914 0 0 0 0.9187130174401124 0.8479267318465111 0.7255650769779294 0.5102486485448533 0.23679601173220222 0.04675217796259661 -0.01735402611329548 0.017244903234911495 0.012840176786535127 0.02161139359499889 0.03226534234192872 -0.00046127626751487315
175 1925 0 0 0 0.9325680336279454 0.8583919509564243 0.7244762955113162 0.5145665127550503 0.24599072639941275 0.04949778841426694 -0.00869481649475184 0.03397187058611509 0.00802348055946247 0.011782745230933792 0.032780754513859825 -0.01049194060237469
176 1936 0 0 0 0.9197027780467851 0.8479108203656697 0.7178233905031207 0.5053838787006141 0.2567923580322976 0.0557430535545341 3.936451849051621e-05 0.04130530816295213 -0.009985309408050288 0.011231197380318025 0.032917139784267545 0.00045452965054881313
177 1947 0 0 0 0.9151853679449992 0.8438135483331138 0.7069375216607571 0.48724058366590633 0.24849126523476084 0.05915515629163663 -0.0009057238391773064 0.03652811043054366 0.004966864172781898 0.008408467182070039 0.035795249925911744 0.000279946453033359
178 1958 0 0 0 0.914641717002242 0.8456187398649586 0.7090499318499246 0.4928660147554885 0.2554658836342304 0.06323149421516414 0.01467053884655505 0.04245079190226726 -0.0003195507492909349 0.017420370175344795 0.03473791704772558 -0.007283183958032504
179 1969 0 0 0 0.917304108092927 0.8444300444559412 0.7031117585055283 0.4927812514954834 0.2533163879255998 0.0631892613717863 0.013472031004574099 0.046965442557308106 -0.0007012941181488356 0.013734667686377957 0.038258036950821306 -0.007938215939900965
180 1980 0 0 0 0.9178547956806791 0.845756589020389 0.7100817895955908 0.5027570657249005 0.2627537607841138 0.06748609641200704 0.014147663739903735 0.041761382097147325 -0.0010303830467436994 0.010022892649843181 0.03922924832254761 0.003170985123435957
181 1991 0 0 0 0.9227249824254012 0.8485392806963306 0.7152447856963802 0.511324309931369 0.2548662062337054 0.07306929967945655 0.011297031699027614 0.0348601078352643 0.0021081750136753554 0.015445501231693392 0.03176942074068835 3.9007797215566756e-06
182 2002 0 0 0 0.9166495509739286 0.8477003111564387 0.7262984815809115 0.5249530195254277 0.2643364797927395 0.07154156435060802 0.007057527711259934 0.036343929428108435 0.0015438030301533608 0.014615453705340599 0.028218142983243554 -0.0008173890475087687
183 2013 0 0 0 0.9172198838220567 0.8468502892102407 0.7266319478044116 0.5257091329804844 0.27340178760444533 0.07674528263932028 0.002079116935230679 0.03095393141176469 -0.0009827014697131396 0.013570125327405484 0.02950026643480799 -0.004997347535454441
184 2024 0 0 0 0.9215936921020428 0.858040375183831 0.7355939232208885 0.5328237227787997 0.27966929237410854 0.08602133011830204 0.001888864065328325 0.02780233235039907 0.0009333300456014658 0.01422475086396745 0.02923890886708276 -0.005920063335381586
185 2035 0 0 0 0.9246810357271528 0.8633518172402903 0.7489074443033255 0.5477804027195201 0.2952711050578078 0.09699833218375588 0.00955600550300093 0.02679266645288243 0.0027039308557079257 0.013349766186039561 0.03586489033655163 -0.004955925138798959
186 2046 0 0 0 0.9227320975902152 0.8644793575590273 0.7457933765817406 0.547224654166738 0.2878891064424713 0.09480446613927059 0.015152118838693149 0.028068700842325565 -0.002707934526203916 0.009046134999597647 0.0313087290009657 0.0004333628062953062
187 2057 0 0 0 0.9250965097176639 0.8611802424979889 0.7516737621418329 0.5544301483425204 0.2895537746187302 0.09202362770715189 0.018451649331105612 0.019878549559035712 -0.0043036955441920636 0.00721688351901024 0.022691566162454265 -0.001357793294319033
188 2068 0 0 0 0.9247569397077853 0.8553503773623982 0.7518304388059331 0.5592067527660217 0.2916908806268855 0.09775138659634748 0.01722886301790093 0.015528117278791938 -0.006776822945038892 0.00795315695019259 0.019078379106141057 0.0019360493870401638
189 2079 0 0 0 0.9309454403165739 0.8626758609883286 0.7596654903868558 0.5641660566230292 0.30439451014665064 0.09976145840160838 0.013158231012632698 0.010538542185405531 -0.00641085273869139 0.012841267156080494 0.02270635728766142 0.010389327875914825
190 2090 0 0 0 0.9334876581346336 0.8655136063566383 0.7594431642568122 0.565827649470528 0.3061291935529493 0.09794981478369984 0.016624635949318047 0.012431195766291325 -0.0031537045936938374 0.010575174066074512 0.024418351164378984 0.011433151330853672
191 2101 0 0 0 0.930787652048909 0.8622799645966895 0.7603860219133918 0.5672877265604748 0.30765593534812374 0.09641636193744252 0.019406055421872535 0.015532146264141978 0.001381966743626159 0.018439475478274108 0.03303082001685455 0.009046753150722486
192 2112 0 0 0 0.926726361106381 0.8558173875592868 0.7420010064158842 0.5467355744455143 0.2979353632633764 0.09746613884722255 0.02171414934738681 0.018470404156204722 0.0035872287057169805 0.014361101024923315 0.028651978942647555 0.005295995609817916
193 2123 0 0 0 0.9316557490137721 0.8655988257593614 0.7533861326917694 0.5647909238130887 0.3122750083939635 0.10428616528954691 0.017548845319921184 0.012325773699948849 0.003726243862457967 0.019099532909500425 0.026063310865794487 0.0013610597140130192
194 2134 0 0 0 0.9330555424061915 0.8743770580100857 0.7661508048645541 0.5777616388317505 0.32703431145709866 0.1100298464440992 0.01519470944417434 0.005943007366923287 0.003728764299616189 0.02131180977860664 0.02168235218326158 0.0007861398844858656
195 2145 0 0 0 0.9351923260715432 0.8774998099821535 0.7763167941037639 0.5961758970346435 0.3469335107985975 0.12152385673799321 0.02463611961938042 -0.0009083994861972446 0.0045407738276094945 0.020102038049794616 0.022623830403271147 -0.0005985070591592203
196 2156 0 0 0 0.9411447561018965 0.8859475163504946 0.7956199521012295 0.6179101200641895 0.3691111281697199 0.13369037311855728 0.031213323951722157 0.0016210178309497155 0.005251463388314331 0.01832563043675187 0.02829005883814266 0.0017186652994108805
197 2167 0 0 0 0.9442362413440513 0.8924345130380763 0.7961735107923399 0.6272372787797698 0.3753141395872903 0.13778064140161794 0.02703965492440689 0.003499643523440882 0.006849897400313418 0.02147455861543549 0.025580739882433458 -0.001913866832302253
198 2178 0 0 0 0.9463068948044074 0.8900553754153351 0.7998096326515843 0.6335180268497519 0.3796733757658612 0.13980445350253207 0.025002249452141537 0.0044980995940076055 0.012696052240790626 0.02230488050607652 0.028942220138143376 -0.007008140266002268
