% # columns="iter, evals, sigma, 0, fitness, xbest" seed=191369, Wed Dec 11 22:17:06 2019, <python>{}</python>
1 11 0.46969701692620225 0 165.1207709049701 0.6395644786066269 -0.13985353498746286 -0.05616259973651686 0.4783270781952824 0.17406618403327379 0.0016450543654983492 0.7570271702881635 0.24375105511217315 0.1976289869241432 0.38069641636707763 -0.029906523810040147 -0.4401224175441277
2 22 0.44900025155244194 0 153.00889891623657 0.8205754908977505 0.4418867359516366 0.44634051634102523 0.060721591827815946 0.6069300900507277 0.6697670634231776 0.1754784943747919 -0.11850146982576751 -0.048354579121841434 0.4405972615128943 0.7465388975522487 0.01925330694924002
3 33 0.41350962032975186 0 121.43172392401493 -0.3300062393822334 0.17460266278259537 0.5267954241378572 0.3214049750846988 0.44546790250197743 0.1280310563193256 0.4832467876839874 -0.07561969039844804 0.4344316794612973 -0.055963357057837976 0.35629383838705053 0.41511088769061594
4 44 0.3864628170330945 0 208.92233668121656 0.46460924928621056 -0.22839437604709906 0.18581582658671628 0.18684265207736425 -0.24288391895292666 0.4822346284115768 0.5437129182122841 -0.5003634854536239 0.36800755536802066 -0.19249255320975794 0.3075795445176688 -0.6620922707992319
5 55 0.3600393948967615 0 129.8030412445832 -0.16071501431488994 0.1563285309806771 0.2025951347059349 -0.5925194874120664 0.5822504403283277 0.6387611120085355 -0.06910079983707673 -0.1464665146265048 -0.13329926100282657 -0.289425402205594 0.4593384963777433 -0.07598940308419591
6 66 0.3442870115628732 0 158.72225343115645 0.33764881957447157 -0.04234410975130863 0.3870026377588418 -0.38767873905335903 0.22265237174217298 0.5996649599612797 0.5325760381528128 -0.1609580957406412 0.3588977125437605 -0.09241612632628271 -0.15284997160400443 0.5831290140909393
7 77 0.3367854437013123 0 149.07245167326727 0.04767699681432502 -0.2821462445310007 -0.22413053424057663 -0.44341963454246747 0.16923821633292718 0.429077150325727 0.17840724768400779 -0.5748771370000394 -0.14568636652666575 0.20082689978425688 0.42508749455301564 0.28916351933041573
8 88 0.33141913697334124 0 188.68634111789453 0.11224768098230364 0.058886348430550184 0.014697643597074941 -0.2602629135904643 0.42531074559582205 0.3132155064965679 0.2516940386863532 -0.6954036040509693 -0.04464484191101964 -0.19176768145604806 0.8401116229319432 0.7155234680895813
9 99 0.3123481897088635 0 155.97255330391732 0.27277976700485806 0.020442101878529156 0.10135402466687657 -0.6822829097910534 0.2364653109054325 0.2833910348873999 0.41856060411609364 -0.06618238193145037 -0.1956840270684337 -0.0012413229683147856 0.7272434994633545 0.18595186577071066
10 110 0.2747621438176564 0 143.6043080982054 0.342296354328505 0.010253583055270368 0.026126425705947837 -0.5074140255204241 0.5740697166602252 0.5557775906145758 0.2585566244961037 -0.7189710501741324 0.18549490062283122 0.08881872928925369 0.33748661712404254 -0.14760780693874315
11 121 0.25237978358172436 0 95.04978513965723 0.3017586317979955 -0.06408319352462692 -0.2902984329389127 -0.07094971956842405 -0.06856000214640867 0.40130708812886756 0.5352618085262734 -0.17157760112721637 0.2394226020264337 0.26235364010492657 0.3838987624150074 0.3130456973230067
12 132 0.2431346595984919 0 116.40308395067436 0.03972705046306327 0.09434629697356382 -0.21090270227522534 0.18881332462723188 0.21692504138160723 0.6295639647350735 0.4094584697022614 0.11467900380059895 0.11637130356614526 0.21143812347742857 0.7640346991765328 0.8516954000729386
13 143 0.23316105134532136 0 90.88005888155287 0.2201548238297884 0.15775941721971287 -0.07467876408237392 -0.05421913222461236 0.38425503950642637 0.30879417051016134 0.09789310942544749 -0.11386260454070721 0.06911558775083376 0.5856040460151974 0.10664267017573748 0.4773037545230635
14 154 0.2160841896909551 0 72.1870631608789 0.314498078061825 -0.20353135765212774 -0.25003632943184123 -0.1587180108633133 0.3155253450732801 0.4560789366290865 0.22299755206193744 -0.056880956683081275 0.10219726980802146 -0.03807006854930356 0.4051601528949905 0.11010277642266747
15 165 0.21321151935478322 0 50.55130737686029 0.34122343839697067 -0.18897370828358168 -0.017750018145550273 0.14371580979671641 -0.05461069290971449 0.25353437845611854 0.10499832284831365 -0.3387486197773448 0.1760446696533036 0.2035777192076203 0.2487337757479226 -0.08744852322804722
16 176 0.2244971253881041 0 43.15078091730752 0.39020237344239445 -0.0557421022585808 0.06560257481008089 0.27942057414136723 -0.24674358361367932 0.22303152235782694 0.14900056430580866 0.027912619294075014 -0.03689107600428504 0.14530785633933765 0.054558362558683626 -0.21984859926816158
17 187 0.21903236704615117 0 44.83730994863861 0.07767383069609074 0.02605076134264242 -0.297021639998149 0.2970486556028781 -0.10550686421578048 0.21015869762035097 0.1409588952717551 -0.08932453267514298 -0.29672375407296736 0.20025589936394367 0.008359684791281172 -0.018588377971811097
18 198 0.2082934791723543 0 33.60202849676667 0.31246111665526166 -0.16343983975822193 -0.08238676462235456 -0.008330002399202951 0.010597338280743166 -0.04999224601298058 0.23647399118830154 -0.01750021089786078 -0.2501459458950191 0.01959248910319364 0.1350903301323693 0.03802491841829628
19 209 0.18939182582583802 0 32.956893774506845 0.21223414217554118 -0.01791452049148931 0.07205185277539282 -0.0038295839102351764 0.15743930138061824 0.04869884484806482 0.3313813084438518 0.0461148876859432 -0.1735874640666889 0.04275263745747748 0.23678871428970982 0.10844846479124381
20 220 0.18687664673511228 0 29.45714438369282 0.18025931215390736 -0.12321434572136059 0.1244980146468986 -0.0248185275355211 0.0851571959307687 -0.14239514538755657 -0.1988535025885534 -0.004924128722892757 -0.23056037923418196 0.1408978797489182 0.04174218829209475 0.029436917796987202
21 231 0.17109589555878169 0 28.61036605927947 0.2507563820204722 0.14354096491572071 -0.09497206380288306 0.2064356554083122 -0.05376606281479296 -0.19030928015809226 0.1839766443130065 -0.04210152915883317 -0.1358626824359742 0.1863462489924873 0.04565443461473184 0.05815022156826158
22 242 0.16781236709054875 0 25.640990059652705 0.5096540417603683 0.22883549124963093 -0.05609138885801035 0.14173257929440125 0.10723984412643023 -0.16885097890383788 -0.022501706240953642 0.006137209091072304 0.22863887891443951 0.19524552053575678 0.1525650975346892 -0.06326420207017124
23 253 0.15267936258317585 0 24.709244072648833 0.05982955846553051 -0.0911993610959764 -0.017260035699892387 0.06357977057808424 0.10194692838833098 -0.10360030059946251 0.014346684263729384 -0.22780785812824383 0.16594639034068132 0.21378582556047482 0.08681415884352156 0.06327795015184533
24 264 0.144090046758025 0 23.20909400371626 0.4633064419041667 0.13788373212240934 -0.021134747606329746 0.1437435357030966 -0.0065804789858693105 0.05670794355611625 0.052397833337127456 -0.2754144049779244 0.13933397517229956 0.12044172890162294 0.09286055617220884 0.07350887617335575
25 275 0.13541301767164426 0 26.06402478270267 0.5010344084224192 0.2412477818582054 -0.014651485894489356 0.13362627377238404 0.006909527098337202 -0.10068989814397805 0.013787383771070694 -0.2838126807857773 0.00549824762822379 0.15020315673842602 -0.08991892705001821 0.057469907664584624
26 286 0.1264037939980127 0 19.019258823872235 0.23404680890611118 0.11181374240327548 -0.10789529877276258 0.06089827557152083 0.08061980784622275 0.08186702849580482 0.13209915733002675 -0.12950400762766517 0.12487394647538042 0.056608293290385095 -0.01186125556189413 0.0933511530518675
27 297 0.11580818544299402 0 15.223162504903609 0.32190456215626156 0.044564328179061044 0.0015087383949830557 -0.014270412665184681 0.12219540429968828 0.03200592766001352 0.10222325215343826 -0.07098065322009603 0.029355196549282994 0.12590153411985344 0.06325709614015226 -0.03592578442849283
28 308 0.11426046632254976 0 17.497343688339573 0.3151446496160312 0.146130665963839 0.1785991214613414 0.03895416349680483 -0.0355147549721858 0.05952019826317579 0.05627433628888531 -0.1918227369879671 0.05991119535049315 0.035412630612473794 -0.026508535940639684 0.02897419092447627
29 319 0.10765691906863954 0 16.455657221980644 0.3292449179892213 0.10712208231848826 -0.03144402511564122 0.03742250151801039 0.1379673920249058 -0.0411734370445213 0.029668407829944045 -0.10196639555534572 -0.13473965486969974 0.07117821280431794 0.0018471720233119854 0.01382247719237839
30 330 0.10199309944547746 0 13.397656503101784 0.1554319282369872 0.00617482296757825 0.08886729090476009 0.06674489055280816 0.03571397621512574 -0.009661896576279886 0.02990234780075424 -0.055800563224056444 -0.0956519089719819 0.04342438354185301 0.04208711738115113 -0.010541202157091513
31 341 0.09471295308539321 0 15.483866333198689 0.2275125158287932 0.048778384695006304 -0.03219650588738636 -0.025359556735585986 0.030576034315117406 0.12181173734143072 0.02454574872826294 -0.12422925578823456 -0.07865177741147342 0.02822463372424126 -0.06618274616835823 0.010373441939107657
32 352 0.08725150064925682 0 13.62111709793568 0.05707362296598695 0.10363732116776973 0.044747244548339046 -0.012576862098651491 -0.012786630172208624 0.062855541541261 0.09661299873020618 -0.03889369792442346 -0.052558045910203674 0.03852022586011347 -0.016025419969695347 -0.01715121007578982
33 363 0.0769033742721044 0 13.904863415319554 0.24197368526889418 0.10540538863954378 -0.013518146061746603 0.058781891448280096 0.01682838253663988 0.0953527769594589 0.005149478869068851 -0.09847170598999798 0.0022435389215190622 -0.005199538304474817 -0.08625381329035989 -0.03496915899291083
34 374 0.07034790731306498 0 12.594666948604267 0.34050294280282334 0.11975851126448558 0.0490684432728533 0.09898389998060836 0.029302604231636633 -0.06091006500575864 0.050449745749045705 -0.05671539162360113 -0.007684771592311216 -0.009470087478522723 0.027572019033774937 0.06874507386734302
35 385 0.06625899226411644 0 12.93290135315971 0.25576829737920914 0.10154693400131073 0.046637694970563894 0.0721411150103214 -0.030751670976904587 -0.07623969781608265 0.05148476565646659 -0.04019084893572145 0.045774328324848554 -0.04918891555795153 -0.03472980001119462 -0.0216723871394294
36 396 0.062138927432099963 0 12.078729109849263 0.24210028680676246 0.05178764487852888 -0.015948163076533392 0.029585415298347337 0.026673091392802852 -0.0380401184903712 -0.015018829074007763 -0.020380374599033017 0.02127685795352304 -0.017379387540048072 -0.07402023170811667 -0.05361028093205719
37 407 0.05965680958547467 0 12.23062819916188 0.2262278645169115 0.02586968388910982 -0.005803511621637268 -0.006530970702582517 -0.0032097420146724046 -0.06360065536685806 0.04225730466019441 0.0017354519409408693 0.018421797528005067 0.08076207541142238 0.0498093369975695 -0.06100493093068553
38 418 0.05452315980779177 0 11.709099966732872 0.29944008708119213 0.1441748164493694 0.04991711981940971 0.07918229306956412 -0.01872302148433604 -0.020969707642236303 0.024129185073962764 -0.0374495833816611 0.04788481930558481 0.0400467789297436 -0.006091404911403114 -0.037767700119976266
39 429 0.05180174023405451 0 12.24094862922652 0.13011457417951316 -0.003820558905718502 0.018647616466998383 0.07413620345718488 -0.01959994020565381 0.06424909117568114 0.0382793683123909 -0.038225283217670374 0.005661402409518276 0.06148659332575217 0.009271952443494127 -0.03699611617185223
40 440 0.047631254553090106 0 11.7193399301662 0.15487656151392765 0.01610613181309537 0.048837548988761206 0.07106650894201201 -0.0052967907086952535 -0.02188927894619618 0.044270680699748016 -0.03914446683218598 0.043107070836020084 0.017533785321153843 0.023143743148930567 -0.005151650434227353
41 451 0.04525461780880775 0 11.526828033668968 0.1839670086173591 0.09119877696966053 0.022571715238695576 0.022302959307969054 0.0307543025662534 -0.05083510854790334 -0.04091781258393344 0.0243254708833923 0.022570106622066266 0.0299265809802838 0.0021869181999496935 -0.014330289290700838
42 462 0.04341727622163232 0 11.277061445414029 0.19204087182015658 0.07769845625464156 0.05566772548716693 -0.01035599269785454 0.009968662242404717 -0.03628389810072265 0.05827551944661684 0.013856892366125027 0.03426693408575715 0.002162312943069126 0.016572293662143245 -0.00042367421924946816
43 473 0.04205578077520322 0 10.660884976715089 0.29109115570706356 0.10911363841557502 0.0010351951858936365 -0.006248339474636922 0.03285330358154992 0.04381976071810513 0.017620611337528843 -0.02492414782980299 0.03506016439678432 0.0065592337884734795 0.016828699399356647 0.0032431262395828824
44 484 0.04069645396895416 0 11.281294864172171 0.14299362395070803 0.004060769008632975 0.03334889255168165 0.03649322610254193 -0.02023145039157085 0.0342968718245494 0.03601037437680851 0.023173400437912998 0.00675766333837724 0.011352710500269769 -0.04058928986275209 -0.009468011537780596
45 495 0.03858432326747497 0 10.752281722052471 0.28591589234366854 0.09280516251960069 -0.0172714128435788 0.011523090772377596 0.03231897922214404 0.023521112131734474 0.04615873039144251 0.025205705147423808 0.019086428420012895 -0.01312112293930266 -0.01566704283868036 -0.022733966779983728
46 506 0.03343619556506947 0 10.703630793206361 0.2700168586841784 0.08308761861513815 -0.005605450374179751 -0.01137301155189321 0.009432562960884867 0.02183084928764097 0.05203666339654899 -0.015345175255704724 0.009976764871337793 0.030516181947766022 0.009615490110915333 -0.015553921562743512
47 517 0.029044671800284264 0 10.80677638001996 0.25291061927248215 0.06321981176896607 -0.008793149325011646 0.037295395816302784 -0.01604041704853632 0.018576563880278018 0.033714008833604106 -0.009908600064670675 0.016930984186119692 -0.01729036558742808 -0.016986577933025028 -0.009889513789591468
48 528 0.02555885715925059 0 10.869878767682675 0.23986510979470715 0.05926944057076683 0.013520157006176797 0.013084386870502977 -0.009574516803946068 -0.014075212121061149 0.0669012506964945 0.0001711433585221498 0.028349175702806574 0.009262984895141952 0.0001746926106593969 -0.0160879512845256
49 539 0.023368819194754042 0 10.554331620632318 0.28317177381421316 0.04817538589634237 0.003878915237361804 0.0012434448954818066 0.006078758157586649 0.012736907664795759 0.03393046229403204 -0.002170648689436153 0.00941619061020006 -0.005352112030451096 0.021197483245689694 -0.0002663439122933583
50 550 0.02231629970113472 0 10.526105248194286 0.256436860287399 0.07860486269012934 0.013967586804502571 0.005347856795707765 0.0017966975527397805 0.038728157379404236 0.02533716626782266 0.011180985568973883 0.0300953184345124 -0.009955638517327562 0.013362000958680361 -0.013110336770218618
51 561 0.02133961864984708 0 10.416893055924216 0.27396087949144154 0.07502858822342451 0.014531274100586779 0.01702854317184209 0.0011870408022355457 0.013257822191059932 0.017133371754050455 0.0033587085827227643 0.03324432726334295 -0.004957178866736989 0.026906494025090988 0.00764728603074831
52 572 0.01958166239215432 0 10.476703789211207 0.28636366841930994 0.10196517442823687 0.025633559361587142 -0.006205307291903184 -0.005668617312074145 -0.0008709480981867745 0.04764310826801054 0.00041634283197929545 0.012408123534969933 0.013921691116347853 0.0008204735118242275 0.003146509843306324
53 583 0.018488738073828042 0 10.49588868049688 0.31028349921485876 0.09087837873110653 -0.0014693964099483786 0.006981632481056792 -0.012295519603768384 -0.0012359147805843535 0.047076633083168784 0.011851201578193409 0.018971373741230986 -0.00639152831873519 -0.005297660799800782 0.0025437291365823043
54 594 0.01778917512476836 0 10.459835772677854 0.3026514554615991 0.07819024226739116 0.009418154630051826 0.01903708206692158 -0.004197403780163277 -0.012023913201689787 0.0432642338539277 0.0031476581606171643 0.017652765620853578 0.005557615984119557 0.014020662259662496 0.003980480348839306
55 605 0.01669655231243263 0 10.376561259687609 0.3085264486441047 0.107453435436908 -0.0021231275623396443 -0.0014647211318091803 0.007011160224607556 -0.0082351061523214 0.027314386041134387 0.015794993402448724 0.021684314557286585 0.017709530533112562 0.03126029028110326 0.006241632063816912
56 616 0.016793534687721462 0 10.352368314457117 0.2938577568905409 0.10483124273162804 0.012640937921042391 0.02828577795688817 -0.004140285916907238 0.0037436244418764305 0.005402600863615027 0.0028260147730668796 0.021413279209799633 -0.009181784853075223 0.004072320669073011 0.005670879879391745
57 627 0.016808160473003545 0 10.279363700769343 0.33404205407111315 0.11721895335022617 0.01730386699474443 0.025105698277496136 -0.021601737072027227 0.002548019922440843 0.020565701078964077 0.0030899988465524653 0.01566068192063793 -0.0024225100094393695 0.012824827162046703 0.00011447936816487165
58 638 0.016631449377994184 0 10.247721929998656 0.3305629221616588 0.10475621881423393 0.018557535365372843 0.0016204232099545184 -0.007561356372377943 0.026449793756571683 0.020597366849357764 -0.0032495656399071813 0.009648768845578571 0.005708922574091556 0.02106179179894407 0.003153997958479637
59 649 0.015823084563049365 0 10.191138024906204 0.33329274932489267 0.11610403023092715 0.030293480404561 0.017511148221397713 -0.0008553366851756271 0.007954526463200367 0.01511248394530688 0.0006981882544098358 0.01687550405397691 0.011020287934034007 0.023564372085742684 0.016311172008869782
60 660 0.014770394304091099 0 10.203594970571224 0.3405142803347254 0.10779018464622524 0.028790733621048514 0.024307422890283224 -0.005124019247664503 0.004813561629953435 0.019676285069096123 0.007558014913555002 0.018602530067091515 0.00837952950788546 0.017655005547609764 0.008647185162187054
61 671 0.013831751695246898 0 10.205168275915097 0.3330391240685561 0.10686872032757634 0.01075073340143185 0.01725642322118292 -0.0020357661652717395 0.011098406266705668 0.021991558049892692 0.015611700867346857 0.00510057084231603 0.017015853745368615 0.02397934090057695 -0.00018432107409091427
62 682 0.01346557833056482 0 10.21765302693127 0.33934103149046796 0.12088531424602744 0.017767414233583013 0.008606588601126057 -0.0008546572543386025 -0.010755658511536656 0.013691276974619627 0.013309990160585582 0.018639530028042417 0.008700800941949116 0.030256843169704166 0.012848440912428812
63 693 0.013482214632349445 0 10.186057279357954 0.34142637942960785 0.1269343506211879 0.033065182877444844 0.01562506647418954 0.0077779329670774715 0.00291655573474114 -0.004592758359213045 0.0012588728465644794 0.0257903256587617 0.010150832771078607 0.029079087103388895 -0.0010830008426741967
64 704 0.014095005412996648 0 10.051968257076544 0.37222349701807034 0.13627568347837554 0.03461111743468988 0.006496292979539001 0.010098691720095592 0.0027726835712892726 0.0016481153830618788 0.0030844118973634076 0.012922361235225385 0.0062009298744372 0.021210674125528028 0.0045471505296293
65 715 0.013910117985857774 0 10.111648938127765 0.35792115905959904 0.14174946838503302 0.02953796037702453 0.015369055751415011 0.002910866497224705 -0.0019365146678313207 -0.0044266280314594186 0.006231275115121601 0.019888593643224532 -0.0023118827976606063 0.0031815238004434913 -0.0038416248407666014
66 726 0.01404130931260966 0 10.153265471842042 0.3659086696097706 0.152212694934895 0.04152264324580188 0.011757084323548465 0.007812993405050579 -0.009573339692271698 0.0024086597519956702 0.01519693351787706 0.03134042057306965 -0.005387964878933827 0.020553785141594765 -0.0026575888488729648
67 737 0.014170211645773683 0 10.110569999818676 0.3699444039621902 0.1562423873464261 0.03409353364346336 0.019156784645552136 0.01057580156500347 0.0005351050331416527 -0.0020763672642221 0.004612559817570886 0.012758661685905741 -0.015573729895937458 0.016626413708501528 -0.002152821038641697
68 748 0.01376949672814033 0 10.083281588451163 0.37091291007008864 0.15431996936462422 0.03560894389491587 0.020577833566361618 0.0003147801864287342 -0.009257118594166733 0.0056147763976331505 0.007795856477966684 0.010192381869448892 0.0194718679972829 0.020551206742039647 0.008146229689928855
69 759 0.014437700943144643 0 10.002945717712004 0.40376898014137447 0.17722819332562312 0.047181626023645735 0.028779091190919346 0.002907937191242168 -0.0007771985237191572 0.0057479366664388975 -0.0008118630231300512 0.0016493905014004894 0.019648198055440484 0.026926370703902493 -0.00015412486232946245
70 770 0.01615066167411253 0 9.971557345427048 0.4187986488941449 0.19138025459370125 0.03330024418739899 0.01975993493575398 0.013518767188230734 0.004943705629680702 -0.009957497461186056 -0.0016979825535342512 0.009788451555963595 0.008994888905382626 0.026246384582298436 0.010595982607588157
71 781 0.017530474290233716 0 9.96335231807215 0.429993354991028 0.17526696497330144 0.04798369863102587 0.01788826447058475 0.01327715436250031 -0.004127847137224717 -0.00590509994927848 0.015980346037343888 0.014977765126206945 0.016068476672705355 0.026181745720853862 0.012394531477789215
72 792 0.01821339236546138 0 9.863993971421523 0.4461574025717854 0.19934115393214122 0.059074400455979184 0.015369162248212677 0.005036264009272415 -0.011270095611754762 0.012301261414429308 0.01876742832822969 0.009926419960472988 0.01459713771451307 0.019796099795250665 0.012104101016376743
73 803 0.018757863045595496 0 9.91636560306152 0.45036008036889763 0.2116509793399951 0.06107274812434009 0.014563321058509694 -0.0004991876257595526 -0.0160715129210527 0.007806942137618723 0.01439747619071564 0.0017548471126618446 0.029168773234707686 0.03062927488047933 0.00138675720941354
74 814 0.018908631483081386 0 9.935411743755466 0.4669356996549291 0.24522834132734342 0.03988168853598524 0.010183837171697479 0.0017407721701979484 -0.00350645795792447 -0.018667690188056474 0.0018479864784006015 0.010097514632455059 0.007363887282353704 0.014439623741532322 0.01057292114513303
75 825 0.020003414835130583 0 9.78344983105953 0.5161968513375993 0.26484139546375257 0.054647959150569324 0.013541463926281852 -0.0038089502569794388 -0.016475747350088832 -0.01568334785188851 0.019805378814493145 0.014151568836719123 0.011203938528360134 0.01918005887522478 -0.004115883693962109
76 836 0.01910906492690347 0 9.820746667868338 0.47886874424662185 0.2307717372001892 0.05598393245664049 0.01652232374146695 0.003795974224847831 -0.0063527532738951046 -0.012859784650096243 0.03008020563466926 0.012894092864040765 0.004432394186988621 0.01812239953700554 0.01388409643402378
77 847 0.01859739367264046 0 9.757352581157466 0.4776186709598104 0.2429060040124073 0.05049299723883492 0.009101920665066947 8.537902154618238e-05 0.00854347997523747 0.002859983845950601 0.010835173490145854 0.009831483561098288 0.02003753929592221 0.012674373175940824 0.01997311607905356
78 858 0.017634375402902133 0 9.82883986879074 0.44783927929498646 0.2136584302694659 0.03671571158194635 0.020281818512787677 0.00035139199530836735 0.006970396163116705 0.007517044179157268 0.01970933385486872 0.011174247463472335 0.013997147571968196 0.014343271079740497 0.006551408479738131
79 869 0.017329899793180857 0 9.766310048385453 0.47892659522505926 0.22899744171956907 0.03925835192986482 0.00011510846878867546 0.01576229500507923 0.009930247466548052 0.01259882856180178 0.002788663134937582 -0.0005760252947914508 0.007930422066753783 0.019539708915389187 0.0016360560963608424
80 880 0.017171048454882796 0 9.713125063456234 0.49725955455631377 0.24358395696487764 0.04068559993472041 0.015011626593362963 0.010685357378044153 0.013549579700055167 0.007999435659015274 0.003768383035701773 0.01316370587729133 0.00186247543501497 0.012768074041301604 -0.0015465286054207454
81 891 0.016606173403224934 0 9.688188141200584 0.5206414157102798 0.2599596506700564 0.05928297370512689 0.018879012697750608 0.022394360346801583 0.01139733209593712 -0.006352090117323964 0.0033004078413052416 0.008299021847059128 0.02694751370691928 0.015782671367569542 0.012370182647371875
82 902 0.0171834746045761 0 9.740455253571978 0.568973982131131 0.3039506942829171 0.05889977834200833 -0.007436623812290523 0.027608176171575856 0.005067467218535536 0.0028358111508335177 0.0012133422289939022 -0.0019985452672482687 0.009072092944743707 0.017039723159064175 0.01070857553852031
83 913 0.016947343297994313 0 9.666466941973756 0.533366111942337 0.27182904219848475 0.06811946915455308 0.023812131767852105 0.002728529892987122 -0.008004458296517209 -0.003219353416251346 -0.007587590700677905 0.015365358951083201 0.0006818526119298576 0.004342910690220615 0.010116580197014067
84 924 0.01717288559623747 0 9.657887185591177 0.5516329410131721 0.29120259714377045 0.07379513117897951 0.010859747556442962 -0.009321638921020137 -0.002426726830827155 -0.006363198184590911 -0.01502217190013172 0.01635951744229027 0.010275912797875295 0.014408150162770668 0.009210517233455673
85 935 0.017020958625037448 0 9.60671756302251 0.5212945992515695 0.293795786531502 0.07832580965009854 0.028051517498206655 -0.00209816191772456 0.009977772041658279 0.006865615711969347 -0.0023322113012399504 0.015257709300140705 0.004002236543318064 -0.0017767024137752309 0.0009743749532895246
86 946 0.01686498802496253 0 9.536744379971841 0.5550178978570971 0.3054820827450512 0.08578461558585712 0.022566849809127352 0.0016761980847057522 0.0015070424440081064 -0.009165878260195616 -0.011635148990538784 0.014637293060599785 0.009065649180370745 0.01736647033413312 0.0027347655358915535
87 957 0.016782609259187564 0 9.530363575196553 0.5573954122841471 0.310902136208881 0.09215049693616695 0.021414231263557713 0.00247557792210192 0.00046576004863092173 -0.015711508533795628 -0.005249691706315575 0.01824993803928388 0.007856148209176038 -0.003065870310147805 0.002078511053618546
88 968 0.016963568691526237 0 9.459683817245487 0.582472528208765 0.32967329032664267 0.09450076720474954 0.013266940967845772 -0.004274596048429234 0.005615685400393567 0.008187880151794155 -0.008540998882559322 0.014197232339936855 0.01710547886839793 -0.00017663171117101694 -0.008397327123460429
89 979 0.016860833182826315 0 9.458656544829095 0.5691323786221593 0.32905191821397906 0.09342429235667118 0.01699639835371116 0.0063128957766503 0.010535412361804223 0.006331173762397029 0.006687141729701701 0.03167935193807124 0.01807941834654515 -0.003558514570959038 -0.00029016198880537974
90 990 0.017461260311910337 0 9.455063914755717 0.5796199223639392 0.32478702483072847 0.10435380868110375 0.02217114487764986 0.0013200959667943914 0.012796869708729477 -0.006251407368400733 0.005568323273778927 0.027700980135212064 0.023262453801513323 -0.005071934687626647 -0.004350359217401166
91 1001 0.018282372075464723 0 9.391200410398335 0.623617873059014 0.3725967645441033 0.1253809876914905 0.022321525190230857 -0.0020230959818794293 -0.007150022873489382 -0.0020602092510471157 0.006707404915324614 0.01561431983254748 0.04036158807363223 0.006413374185704153 0.0040574849645967515
92 1012 0.019620685096049043 0 9.388762697659459 0.6238621126915839 0.36152766140927306 0.12174217754271086 0.019144140279459668 0.01426410006672676 0.019000023118881767 -0.009909409386701106 0.014367448914939053 0.017999209842327057 0.022342335550421966 -0.0007438303932154485 -0.008260760264852464
93 1023 0.02021567041093446 0 9.383928703016586 0.6019372830771966 0.3537857197790962 0.1254918350752899 0.025851235568819624 0.004531638363083685 0.01588816265655435 -0.01060409831655535 0.024689687549581184 0.006242480887401218 0.03237008928597252 -0.005055927984912396 0.001929801550972222
94 1034 0.01962696621633199 0 9.327601566320553 0.6327034573314646 0.37389376469573005 0.14716954240634128 0.02792428943528969 0.005929186584594613 -0.0011601564440817027 -0.0013358690392381118 0.004849444716671059 0.022186782044741393 0.03068600459605483 -0.006675256059076896 0.007310762909802558
95 1045 0.018121666438245136 0 9.361047808423226 0.6414109521362852 0.3825155818241064 0.14219845744959336 0.034857035081325066 0.012676740265886971 -0.0011266469222234693 -0.012157560757028845 0.02080523091362469 0.015126254616731723 0.03111534218960609 -0.006651579814146065 0.0036379732128573586
96 1056 0.017147010143605815 0 9.290449733039603 0.6187534535599024 0.36826548070106596 0.1250768193279316 0.02641037871009571 0.00012402636289450715 0.011331428699209818 0.0020865792110094285 0.010088749306164234 0.01465887694326239 0.026132046634735645 -0.0014909473996752346 -0.0033429403420518313
97 1067 0.016340638647938475 0 9.299487284351876 0.6323192108817964 0.3815710421333999 0.12335794311311205 0.02543979254750196 0.004471007714300293 0.010442070576166926 0.0024580642893037652 0.019400793954128817 0.013799064101608985 0.019797180362981403 -0.0012262333246211721 -0.0017738989223874705
98 1078 0.015280739417827895 0 9.315693304653186 0.6188302625625381 0.3804964174425305 0.12896544248864325 0.03118572659602884 0.001735973258327556 -0.0005418535895388137 0.00024025037867479872 0.02841798109919135 0.02048653100497315 0.0243780488976773 -0.0024006857576285164 0.008641355427011176
99 1089 0.01508626296637859 0 9.299502907708405 0.6426260335230971 0.3891503509286414 0.13535659445952425 0.02386789732180425 0.014238917700558157 -0.00966983924915475 0.012932284438790917 0.015949500235337637 0.015551561650751467 0.025185072981134655 0.016880276010844315 0.010756028141664181
100 1100 0.014760435108359735 0 9.294312964236006 0.6555677108900164 0.39246540824694015 0.14567569082989384 0.03315950805330457 0.01946664406134377 0.00957370078612324 -0.00112459870779392 0.012092223938323224 0.014693242491902608 0.02244761418300083 0.017523519624506836 0.011591943041753788
101 1111 0.01553395728700042 0 9.201468697651592 0.646595443039592 0.3959862111655012 0.15713390090722365 0.0438996639700389 0.008669204496746942 0.005154201320372562 0.0018287521625036844 0.01638143799836723 0.020418892624762368 0.018584226044897793 -0.0008999221221346557 0.01804022431812647
102 1122 0.015523352932530422 0 9.182890627836994 0.6500633933862906 0.4016646337044036 0.1610489609988557 0.04240763029730425 0.003803911899769837 0.0015182500494691142 0.003035413739545339 0.02105748929382701 0.01677011198653482 0.02393030391887454 0.007493844485498378 0.017756165140022116
103 1133 0.016830503004156262 0 9.142610025672866 0.6604736850712547 0.4167322567084224 0.16799711765847675 0.04259551185897086 -0.0123919707448427 0.010665783141102027 0.026682135959681545 0.016193844698206443 0.011976335419534837 0.009405375037593793 0.007465017300333679 0.003719576618912415
104 1144 0.017401400734887013 0 9.164062178144656 0.633357455949422 0.3965435021029295 0.1614583044139535 0.03754713909676978 -0.007702160124068529 0.012273764853214462 0.015015456976096816 0.025693068461472734 0.01611546189515208 0.003633098021896035 -0.0041966955171172104 0.004758307238425321
105 1155 0.017192102659160352 0 9.180605822889776 0.648110725771249 0.39499415615361033 0.1600582712927901 0.03705171901958011 -0.0013940087279020368 0.006100099429027381 0.017681568187776043 0.0162566628261079 0.01892365389816158 0.0026873091913601358 0.012015927861514172 0.011592239108537305
106 1166 0.017536590778016992 0 9.159377958825093 0.6431626628786661 0.4018354956967016 0.16540402573724247 0.01886820265271047 0.0013634220011115063 0.012819377136575924 -0.009430897846044147 0.009730090949412911 0.0045232647341512215 0.016703684931650274 0.010380920637076676 0.009452824983188843
107 1177 0.01773385421237955 0 9.087227002564113 0.6459385270763965 0.41894309586732004 0.1800937603227594 0.029079736229303665 0.006521245817223244 0.006844571799095627 -0.0027382975981184122 0.01841271129125381 0.010407367628533752 0.01824238230343118 0.01016438788863263 0.0213954712991182
108 1188 0.018282425264239753 0 9.017650870129012 0.6693105486604448 0.43616894915969767 0.1838489564856439 0.026068240866389505 0.013161033217995104 0.013804986132061377 0.004689231479423452 0.020139802662204824 0.018057560607893923 0.011789199069775803 0.01521269699921696 0.0018958289758947058
109 1199 0.018861610411349167 0 9.101884928889902 0.6642505504674184 0.4360660906515755 0.18996984142510667 0.030355074613523957 -0.004519584362341646 0.007425287399450681 -0.013091149730269638 -0.005716296335047879 0.01683628261876973 0.007631142800274691 0.012877761955207234 -0.01762679906828881
110 1210 0.02015269655116206 0 9.002319110169992 0.6708667242111941 0.44902336238321694 0.21015084897676567 0.03454210685022321 2.708758917006719e-05 0.01676484122342247 0.0007957596487615532 0.008234206708676715 0.031364174518927077 0.0029356301382469363 0.01807913482439246 -0.007741151406435607
111 1221 0.02031566496023445 0 8.972095215307931 0.6842407258952986 0.4622458445686808 0.2052662413644082 0.030807680719041473 0.01089195283546085 0.018329068557845017 -0.003849062353322814 0.013859801520339901 0.017221351545847988 0.02208628893491568 0.02234213060623115 0.002656397727797715
112 1232 0.020573664083296306 0 8.947175398736059 0.6916244193895502 0.4654747067936155 0.20755497235124357 0.04356935718890673 0.005810754990771104 0.0302613261399665 0.00928923019368375 0.012157433652835042 0.02109647506303029 0.019007027694834294 0.012459683693149207 0.009800391783913662
113 1243 0.020244338834046423 0 8.935927807089927 0.6790380905614383 0.45874632485360917 0.21430342381046266 0.04266736535535826 -0.003025545487315384 0.018742143019413356 0.004668975441043428 0.007786256593903551 0.027823498419637813 0.0025933399157893125 0.01570892023154433 -0.0050243222479843305
114 1254 0.019544351250112633 0 8.94892458897901 0.6996660545463681 0.4825876554293235 0.23224522524128172 0.04503995637703931 0.008674485957134052 0.038819749418843995 -0.009832060450160753 0.01157930289884401 -0.002171979816420023 0.01466682202703325 0.017811691688610413 1.4957568508841687e-06
115 1265 0.01913970687173841 0 8.897504882337552 0.6866033934594676 0.4902184369255563 0.23831547884517496 0.05285558038107027 -0.004222747160108817 0.02962826315728216 0.011312789001246172 0.0231387162991873 0.006912893892860731 0.022282718582716847 0.014582317928327272 0.0009789221882663748
116 1276 0.018616478798865375 0 8.854923865952326 0.7048458003252372 0.4980098320263108 0.23793820682882624 0.04079941409008495 0.01250596283423714 0.021018269674327475 0.004045980446905016 0.023018098917628897 0.013540735380365314 0.010683302243430805 0.023984676384480118 -0.0023618178950631724
117 1287 0.01923809112974224 0 8.817118675902321 0.7128325585981301 0.5225027308366816 0.25819265317105944 0.06552439900199422 0.008345567537627871 0.019378577175568394 -0.0016332499308563918 0.021854827150436833 0.013288710957290884 0.02858994324405234 0.01924318205393138 0.019878585249326678
118 1298 0.019647406357518087 0 8.793778230343987 0.7070770806485072 0.5148098455026314 0.25375183078701335 0.06035008997738893 -0.0015654148084502544 0.012089659638114977 0.013206415804485082 0.018536557961738403 0.01688883040250527 0.007684292224847634 0.009535996291809888 0.019598286779913217
119 1309 0.019750389416586005 0 8.794133130353773 0.7304173142278035 0.5308247684862678 0.26912727445607115 0.054737772765527014 -0.011163351324696947 0.011304006711141703 0.018626590467223772 0.011410500473858852 0.022189688946900963 0.014192786074286213 0.021016404174167287 0.01000315850651106
120 1320 0.019818737653452215 0 8.709767619278402 0.7331069927580127 0.547798483295351 0.2898170290144101 0.07786486604371572 -0.00925724881789881 0.025128549767321255 0.01249449895110848 0.018949027799883278 0.005401647933323889 0.023466058946542162 -0.0017373378078722676 0.008861512271026134
121 1331 0.02008108362549153 0 8.65982917984363 0.7441851868261016 0.5473913562254236 0.289060399234195 0.08395079140435059 0.002650738100541311 0.024161204705504823 0.017026806505343595 0.012048913869166527 0.013135253811568277 0.013844058740537301 0.0170140869333857 0.02533041012523929
122 1342 0.02093280982624641 0 8.632754348399205 0.7676349796584017 0.569822066031672 0.3132761233609018 0.0861117007401711 -0.0040494674754101906 0.02077891733054263 0.012918845688847632 0.008163191567923434 0.017385894226155996 0.031217000464313926 0.00932140096931004 -0.001541810799618279
123 1353 0.022540968851939694 0 8.647885563304484 0.783221839775897 0.5953725658954521 0.33191002006265147 0.09749746591852368 -0.008411016667360533 0.023533907094008235 0.028345938997938323 0.0036740334630636813 0.015491097804863177 0.02604136376361013 0.01462455324865526 0.007685703843548728
124 1364 0.02390609008283135 0 8.494016931678528 0.7844607751947392 0.6056232618560922 0.34023241391407244 0.11354189921260444 0.005847261863409357 0.020436885666995128 0.005903871854180478 -0.005160826010472177 0.01651579787380865 0.02354742323399196 0.012932333322421677 0.0001521049581221347
125 1375 0.024467677592774704 0 8.57952741788713 0.7705456849690991 0.6057035857976725 0.34285041276762507 0.0953254675759547 -0.005441710363534749 0.013259271166347043 0.022088607072290534 0.013552011146172873 0.018977078469083003 0.004596382255587287 0.008293831823730544 0.0037881650784031646
126 1386 0.025408078357734596 0 8.618900369310248 0.7518697303040395 0.5662492507169629 0.337636484627542 0.11012926819107101 0.004634618115084361 0.01817065383217477 0.02716645703536468 0.0023106961864111627 -0.0010102454588354712 -0.022839322675780423 0.018801768213571993 0.006761696018273069
127 1397 0.023959305231900065 0 8.60383462781788 0.7277721616828845 0.5525786331359455 0.309518730090303 0.10074759848346233 0.008552080178928362 0.01297403518455676 0.02553513710443513 0.011342142215178076 0.006548711927888656 0.006181092093330318 0.01583517910809928 0.018807458270541304
128 1408 0.02376380900852965 0 8.59091735049835 0.7564157576739364 0.579087784173226 0.33357845486466436 0.11818540994016838 0.01829578746155335 0.019651797893439904 0.026032428099103076 -0.01634767073333653 0.01586291578849373 0.014071736842963683 0.03478978356988186 0.022931688591336083
129 1419 0.02345271594744052 0 8.429954587471444 0.7779932069143347 0.6026470631079879 0.3624143683546377 0.1265614449862944 0.011455837729624822 0.021445976869103937 0.019819552932461924 -0.002866876322361021 0.0018640900587300318 0.018833934535202237 0.02525062331645405 0.024325373408578505
130 1430 0.023085052029120912 0 8.456067793769273 0.7548583788634694 0.5723554196615681 0.32711855626808106 0.12174030125055399 0.021635737882878273 0.014723247182462615 0.010589883195906868 -0.006668868052676998 -0.0015057187961158153 0.010525141781487963 0.01657388691254909 0.013833032507400915
131 1441 0.023250970633835886 0 8.487050158681463 0.7881547751032865 0.6082663579504433 0.35174901857161134 0.12069999563724527 0.0027255679471212928 0.009485072888391306 0.016082483134961363 -0.00778989501356913 -0.003987019938976327 -0.00581003139586659 0.021281719185341743 -0.0042946023003269055
132 1452 0.02401441941994133 0 8.312556540628785 0.7986640153860742 0.624091094127253 0.39459221416648566 0.1448227465247917 0.010945018228439534 0.013022295686979959 0.02272043681406972 0.0013834864306375358 -0.006862042596556332 0.00986962582003018 0.023398016355231834 0.0030441452718544767
133 1463 0.025903316491305225 0 8.308203669288316 0.8249396289726552 0.6553487071897397 0.4015815266358107 0.16084543066027676 0.021626195735908422 0.016502071075630818 0.005290728519297938 -0.0002744960580550867 0.01741746972984949 0.003974766271517858 0.025229529655002705 0.0094408606360974
134 1474 0.025200098310730612 0 8.270482043362273 0.8182556555240981 0.6528827625723711 0.40114346868669587 0.15478918074679238 0.024160031358943873 0.02140597280805443 0.005989335149378565 0.00013018162630206147 0.011022141428279253 0.010140312786406926 0.020515210747817834 0.0159477212260051
135 1485 0.024164317184513163 0 8.297505327118005 0.8045963791320231 0.6593281482763951 0.42316498746881354 0.17245145717529292 0.012029606924167373 0.010511581863905791 0.0206020212114653 -0.0180708572174315 0.00845270545853908 0.00035826757145801785 0.030008342846244776 0.007625441216166073
136 1496 0.023975077352423747 0 8.25060609963477 0.788495171683744 0.6348463269186727 0.4050929476734443 0.1745581675444247 0.025087669849898853 0.021947804724109017 0.015571515316875239 -0.007162542992014435 0.017052672567704506 0.005968403659772244 0.03493649142745724 0.005697179671796799
137 1507 0.02273923279198335 0 8.205452838620822 0.8167011203422753 0.6602487872750089 0.42747694912533374 0.17623621333435463 0.009680701217656597 0.004998983827736007 0.018352790105993787 -0.0009181755743719461 0.018410805685257867 0.009155783485505114 0.024198809571787785 0.014276287797851145
138 1518 0.0220292586221911 0 8.137448633355858 0.7925257146370034 0.6507513727359829 0.4300554098467849 0.18647839079223813 0.025174568310133354 0.018104596478153538 0.008208630525796084 0.0017233363670999223 0.011694027630418238 0.014724194793785133 0.02084635805891143 0.007710286377763307
139 1529 0.021527792552242946 0 8.142806721781879 0.8000791483103669 0.6588073909588591 0.4468327319382008 0.20738379349009167 0.04030060290555493 0.015815140125785068 0.012781463764217899 0.0016231136539385702 0.002832785909886784 -0.006785215290507747 0.02082059504798277 0.029037149425460262
140 1540 0.021708313750383398 0 8.095212484209462 0.8144492953416356 0.6764029825067869 0.45189524971814027 0.19290867546486756 0.034745853732154684 0.01639087701139124 0.0031317158227399614 -0.004990587559407806 0.022468646737776585 -0.0047614979716465436 0.012532427101368135 0.01812445665703497
141 1551 0.02069845080150353 0 8.074796263527627 0.8043939664005032 0.6643263057966968 0.4368669055140273 0.19448462348238055 0.028553275649922317 0.01796914973826721 0.0161996117634383 0.0074851902236214175 0.008843895605460783 0.00211253211235322 0.01791221689457535 0.011441483212440486
142 1562 0.019686675965783437 0 8.034118547468463 0.8278186628084707 0.6818943260272837 0.4570949311481525 0.19776644787058126 0.0377687859141991 0.019834944418955516 0.01622136700292531 0.0008043016803246468 -0.00019932045772545239 0.00211892919105051 0.009171162870214949 0.02161967099445558
143 1573 0.01902332641313993 0 8.016146010606878 0.8138363466198971 0.6735391311426435 0.456775979239387 0.19782765904111196 0.04082631943495981 0.0199040008535963 0.008036837833671855 0.012767296242486816 -0.0007636553410452201 -0.008405173666664986 0.00810437734736659 -0.002143128594630634
144 1584 0.018137065612678038 0 7.963755921342645 0.8184720717301001 0.6796602378250937 0.4664858074658372 0.21428903544223654 0.03660959076173279 0.01746555034483582 0.007106128398237255 -0.0038250274186805667 0.014801905968019516 0.015125479416349048 0.018411974348791587 0.00700995462028973
145 1595 0.017467639290122523 0 7.949205582809809 0.817981969695188 0.6837087490290523 0.4697055667330171 0.22303703100410954 0.0422377916076936 0.009506637499301876 0.007287411648500304 -0.0005785378424377503 0.01878226570206288 -0.002698479705770078 0.01403843079917693 0.010520468016376284
146 1606 0.01759849285435603 0 7.935786439910098 0.8429658932444956 0.7226155571672844 0.5011283320280486 0.2351316654237552 0.04257265699682873 0.006704947072851759 0.018154720306639345 0.0060199366457708995 0.015356353722497655 -0.0056992531294540304 0.002470167729680001 0.0049345252479411515
147 1617 0.017201911632612872 0 7.8978831740784265 0.8253851304949387 0.6980682090826975 0.4826584732384024 0.2348029504873747 0.04707685673992174 0.009134507439002201 0.012640646173417437 0.005974967133276167 0.0024446893394204023 0.003190806020903509 -0.0024333360919721503 0.011513302430257066
148 1628 0.01713122362614484 0 7.930217749100329 0.8427231209592267 0.7166601008035732 0.5105961607991031 0.24028018603725496 0.04777419383470284 0.018387771198458254 0.0025829154721508547 -0.005201416486514423 -0.00710914616377485 0.016968138782439465 -0.0006045588350009935 0.017724201038115662
149 1639 0.01697002803409045 0 7.916701326641538 0.8596505428141024 0.7228818245472043 0.5127464464407748 0.2448301951732433 0.048072238090084894 0.016430533395338946 0.0014096417342723613 -0.000526788232723768 -0.00979364816238171 -0.0019573500220165844 0.005065345043983308 0.011051492682689353
150 1650 0.016633283734277696 0 7.88523311981122 0.8537116444652805 0.7225183177885326 0.5269186887081647 0.2570405675757722 0.05409758311201541 0.011462663317205909 0.01270082100829344 0.0132350026997498 -0.014975143029084828 0.010375094200728161 -0.008889729387067852 0.013708233346383766
151 1661 0.0154946336509526 0 7.823968349222331 0.8412084929735192 0.7134335664887351 0.4986576247090359 0.23778200527930093 0.05531137744502102 0.01528236598214696 0.010976123870176468 0.0042585460048705235 0.009015092857695244 0.0010347895229330093 -0.0027152985823797318 0.006317610226403961
152 1672 0.016604490116674718 0 7.766867794249458 0.8422199654524665 0.7047285244617498 0.5040116620934788 0.24872425806122614 0.06640786781138039 0.022596341629441956 0.011104427932245281 0.0030250185479955526 0.00010598903191050377 0.010521996641597703 0.0011419645232414366 0.0016227776811876477
153 1683 0.01785243952671987 0 7.713547182321733 0.8453468992913981 0.7144397661645139 0.5196376064158305 0.2618600656762662 0.07646258762190118 0.0243413314588435 0.022908648966378464 0.009962872105009471 0.004149556298886724 0.01398168749055731 0.005555570221910987 0.004020702772090076
154 1694 0.01840046395101817 0 7.721664944981078 0.8637638339964839 0.7335646679636324 0.5403794372208168 0.27154835310553344 0.06878917788347555 0.029604925730017814 0.015368843203943529 0.005399479834641502 0.012383614850460144 0.008479892104023522 0.007511941475519179 -0.007268056018771314
155 1705 0.01890222540730555 0 7.656792425112018 0.8488680614665749 0.7256741126177182 0.5281118678256068 0.2712437619119411 0.07946213537669175 0.02176597824451361 0.006525836516404773 0.004389369696930334 0.004206583034934911 0.008592268303307034 0.004615904815563486 -0.006559614889327684
156 1716 0.021425368096037387 0 7.539575869129071 0.8722282429889366 0.7567673578129093 0.5689366504713164 0.3079229173703947 0.09416181505392354 0.025586445246132853 0.0047023748882341725 0.011864768659068098 -0.0029509908020048346 0.012199064176789828 0.013572571662492984 -0.00447171752120038
157 1727 0.02471624420065212 0 7.557337542697572 0.8526669419625503 0.7440347954688113 0.5523689400276514 0.30529963032421514 0.10743496366269893 0.022371605711268745 0.00963183423299522 0.013990648895944095 0.019101496165589454 0.006038398798123025 0.019104121866135002 -0.006987904528852454
158 1738 0.029320817626102846 0 7.595397074495146 0.849103903318501 0.7351910348252566 0.5609824937849539 0.33390253297697997 0.11462101763389033 0.019174978610202422 -0.0008141563076177853 0.023764790896080218 0.00788851677499729 0.0209486343222628 0.024927997613181672 -0.004588104691686295
159 1749 0.03215912943264789 0 7.605580406227548 0.8725748047978424 0.7485444943525739 0.5753963100735382 0.3364888330405976 0.09677605049573484 0.013426217068437864 0.026703596852283233 0.02770303790472206 -0.0045364238494732395 0.0018010741601373857 0.015123724261691162 0.009312407418963858
160 1760 0.03450520817458784 0 7.553615541668639 0.9080587473129343 0.7992671243316705 0.622430141370926 0.37344918280168876 0.12613028369206633 0.015209943518252406 -0.0038888329696435756 0.011883064198963253 0.02423000613328901 -0.0188067119638193 0.015240874905342108 -0.017210940412177685
161 1771 0.036432873370139486 0 7.341843767094934 0.9003768373906398 0.7983935163703705 0.6331348798286117 0.3884221606990939 0.12719323364051244 0.025181798027507554 0.0074245233699712825 0.012307470385428051 0.010105464459872655 0.010208680740629356 0.022979830880410987 0.008923479363091735
162 1782 0.03629265737120135 0 7.635307320731733 0.8881467779582299 0.772564926048377 0.6163245577121564 0.38906105786096046 0.1199898995564441 0.015329084793432488 0.020947534948752098 0.03839287726009161 -0.015430938506462103 0.0065205257079138 -0.005441618228605855 -0.0024113369128165494
163 1793 0.03686470619206308 0 7.430076404426192 0.9202004744870415 0.8309181782211291 0.674470060169507 0.40726114178875766 0.15572957956106614 0.030584755206317697 0.008011002330429224 0.013997941483998685 0.012779039165574912 0.023149501557391046 0.019892467027903774 -0.012681285518109427
164 1804 0.03851246781458797 0 7.368449400951405 0.9166871375434933 0.8185901080829312 0.6382365274382755 0.3997327599572384 0.17506910441730725 0.03638465275274122 0.0043213225923704815 0.011889418253822726 0.019187351306399692 0.014496399393217512 0.014326616424266027 0.029115796059447016
165 1815 0.03587653168894108 0 7.587810645889477 0.8874935379213387 0.7844937614404347 0.6132041246413379 0.36813701758282763 0.1388183988369905 0.034515061778754165 -0.017379800021831475 0.030562826713254804 -0.030633211375680067 0.014847419091430709 0.001278904381793143 0.015433910896321248
166 1826 0.03531207772141469 0 7.5356057291909995 0.8693026231932723 0.765453750341389 0.6069602280431287 0.38536927553158656 0.19260094344948422 0.03582863093622547 -0.015752318364661892 0.011684404258718417 0.010687732053741811 0.019347245628915672 0.017207900276001314 0.02009259608724392
167 1837 0.03328773726673546 0 7.3328386515033275 0.9184669823798056 0.8313005853325813 0.6647435415393697 0.4168240035046038 0.1641857321634772 0.04144229334619 -0.012911699333311665 0.0179636062537852 0.001042896770200967 0.010002394160263533 0.012864353518549289 0.01699131471722075
168 1848 0.032032975797074814 0 7.246519741219604 0.9094847756060006 0.8161552201279694 0.6439391332131843 0.41777933344257195 0.16788517320519966 0.024274071748731835 -0.011178198171639286 0.015391787982793519 0.008779002403579731 0.0013004834655398582 0.02066454478654802 -0.008439723425741374
169 1859 0.03266006914946503 0 7.206443623345016 0.9157475076726449 0.8313697862242131 0.6902300215949402 0.4543542409922565 0.20091732565627324 0.031886761510907316 0.005715857766582934 0.03355548096033255 0.011483933940889883 0.033890161117293656 0.027114525462903723 -0.021818032989053264
170 1870 0.034113907569380375 0 7.188528784210003 0.893442234807039 0.7937329215632046 0.6395089741218875 0.43596442644952355 0.19561441243059713 0.04491580754669196 0.018632973901147713 0.026215266140972963 0.010529437386368485 0.03456306949944432 0.014074515937205868 0.004557569739125075
171 1881 0.03401736877277787 0 6.934018583528641 0.924983440908272 0.8474915553262663 0.7022803520844446 0.48602511498645873 0.2399135169694445 0.051555220178199766 0.007025835350799349 0.0318565625809139 0.0009270320452863575 0.019906625929399933 0.02384008035464007 -0.0011922020788999183
172 1892 0.034874330143932895 0 7.114041605014822 0.9162573715833343 0.8400706906633812 0.6991088477801972 0.49093035161908705 0.23706304643504975 0.05138342209980427 -0.0330535265085185 0.0072171095144523655 0.021877653811243937 0.02484204184356052 0.016908210738244445 -0.02194796392544806
173 1903 0.035597419647951205 0 7.1455901075887445 0.9114278270837562 0.8421832865367068 0.7246978638336501 0.5287236333608096 0.23858153212915545 0.04864726992818477 -0.01757215108960051 0.023754445157403388 0.018413296997874286 0.01802744592917283 0.022700642853536714 -0.018943992826827752
174 1914 0.034519638294965425 0 7.128720715569351 0.9294445932796034 0.8592726669011658 0.7297023249359256 0.5155195553911768 0.23019239324511298 0.05139531322522539 -0.025042180606419565 0.0171826667564925 0.008072753059392044 0.022810528866680804 0.028281617026467865 0.0001873753413350939
175 1925 0.03300698967405542 0 7.145295175276317 0.9342117559879379 0.858725722965999 0.7329943637206061 0.5282715555013733 0.27127926279967124 0.058446801993579316 -0.004748487630279519 0.05769562432775502 0.018583840568776166 0.0051367106913423576 0.045834293574169974 -0.01029919186995082
176 1936 0.033657121900646784 0 7.172727070657318 0.9122082728606183 0.8414701249773994 0.6900792952197781 0.4801674193091497 0.25319500570569875 0.06128101577597217 -0.0037685053767530863 0.03420360113413677 -0.030523783854558513 0.005364006272564133 0.02453248786791167 0.011489956914316281
177 1947 0.03151544271157901 0 7.017803850240096 0.9181769328027948 0.8577438625305509 0.7158796844265278 0.5026778203963657 0.25607641339671594 0.06480935265212631 0.0001457921719149051 0.042192518377585954 0.024477944852527793 0.008903344378957435 0.03466178610177811 -0.013779364200659646
178 1958 0.03060815145305811 0 7.047749833859903 0.9089288654806794 0.852182032532093 0.7199268497319398 0.504024955268557 0.2644845235961183 0.06585242950285186 0.017800308219167053 0.053321009105879676 0.000977867414107621 0.014615818926911557 0.026231122624474155 -0.008399342674793578
179 1969 0.028394581510319598 0 7.1725349150984865 0.9218771247127361 0.8353745213891139 0.6914388788559432 0.47052593120125796 0.24530520939428507 0.053858482934983465 0.009788507419684272 0.0507455387592661 0.004947016960482244 0.020610377877995224 0.03668791336933714 -0.009803424410763604
180 1980 0.026427480915795123 0 6.963816221258697 0.9257159361887054 0.8584603387780264 0.7184269688941822 0.5002368171662732 0.26093890252281376 0.06541194422010374 0.011050849894762148 0.033514965946857045 -0.001890948311575225 0.007026103957534855 0.040597622651408004 0.011053248822574857
181 1991 0.02540650718607124 0 6.901852286382953 0.9196319066640266 0.853793526685059 0.7154909730121369 0.5018899176263489 0.24552004660936613 0.07279328172366054 0.015870084900343667 0.03203978296816405 -0.003237708033630864 0.00865976582155617 0.0331045884460491 0.004759914177343326
182 2002 0.024244218770197702 0 6.941638108531965 0.9045773183312256 0.8316162779009125 0.7134050405339997 0.5253240534968013 0.270370581232329 0.07613052455587602 0.0032342540545587835 0.03913153685736781 0.0081273422691109 0.020449947042303913 0.03198941898193035 -0.012412715172737274
183 2013 0.023316767157119545 0 6.853875469173168 0.9114942789686629 0.8398057173764949 0.7262970745937354 0.5271208557181047 0.2846446513096632 0.0774155886163446 -0.004311681610117694 0.031408207117761135 0.003769080701951434 0.014180351216733052 0.03426445349974835 -0.009297932605735994
184 2024 0.023288624386865988 0 6.811959132490502 0.9319977325797096 0.8738730056526022 0.7411771046154885 0.5322109887997163 0.2776461351755136 0.09525514338755886 0.010574469007805485 0.031488147857811406 0.011798009540329153 0.0053150802415565385 0.03354894406166275 -0.005303749958643031
185 2035 0.024320171311751213 0 6.716926371888846 0.920350930831269 0.8581218322406587 0.750625872056816 0.548923135677007 0.2908697772668393 0.09583868526700522 0.01969737352150941 0.029333434566697826 -0.0009448326092550132 0.017691729565941484 0.0304271052617626 0.0005539052129686917
186 2046 0.02381973257159635 0 6.765547639937584 0.9313013241258986 0.879556874124482 0.7576243759692071 0.554570641615163 0.28415992785728966 0.09477770641802567 0.012733342597735647 0.021189739098957404 0.0011119545440059415 0.005240938637299849 0.03072156015990986 0.00586921369495346
187 2057 0.02484730086832997 0 6.700681933787763 0.9217078389805535 0.8578096368693068 0.7485836551690525 0.54299146304275 0.2813876211222839 0.07932382598192081 0.018020636751675864 0.01958625841016199 0.0004076404564127391 0.009037301722165218 0.018137246784553043 -0.006343609734443201
188 2068 0.02611653520019764 0 6.710155176788532 0.9327616341787134 0.8662627320500823 0.7493776117568335 0.5602101120865361 0.2832575935512512 0.09728429652985043 0.00873415392201029 0.015632021038325308 -0.005041796443065319 0.009695823369555715 0.018089705630113743 0.006061200073482485
189 2079 0.02676871302854647 0 6.64437485526094 0.9404134364929363 0.8773167961795808 0.7805178749841041 0.5814927581330801 0.3171603967603989 0.10624373713836513 0.019050388763215922 0.003924584491756009 -0.0018184495696047858 0.013866483863753873 0.030461991594646673 0.00967778629430703
190 2090 0.025708748322818435 0 6.675750155168863 0.9449016751251638 0.8706836310100997 0.76532458976283 0.5740715221128427 0.3067525781122586 0.1017050261319179 0.008831814614346557 0.00605342390214929 0.004864188096687975 0.005557913457755333 0.02966787781476629 0.014356402503576147
191 2101 0.023709873711548767 0 6.678877115651416 0.9298879534786102 0.8602506835000503 0.7605216453840483 0.567332278572164 0.3144796374990742 0.08758583790497605 0.01789806094942494 0.013254338337532251 0.011537304823623211 0.018920505343238997 0.03824353863893646 0.012108165371413715
192 2112 0.02155447455495085 0 6.670468011035056 0.927640525431384 0.8441538561743244 0.7255211809608965 0.5379497487234911 0.2880487651775438 0.09182034763056422 0.02153481393203886 0.020669098272929717 0.003981729545168702 0.01599871941718874 0.015137207104228823 -0.004102707291893753
193 2123 0.0207644358272115 0 6.573238594051669 0.9294588281480188 0.8679789516251555 0.7503719272099864 0.5671128000725428 0.3069349042074844 0.10324816363323147 0.025263899903708004 0.013300649051976466 0.0039446412993976955 0.023623602776074996 0.027587661984537194 0.002742022507955323
194 2134 0.0212915962128931 0 6.47971722095573 0.9354786254991428 0.8807337380960417 0.7763349224306075 0.5875844982266275 0.33385539207250065 0.11445479908111579 0.011594036463824058 0.004665580609508535 0.0008052111962532022 0.021014210931340788 0.021756540358081323 0.0009747242471802459
195 2145 0.023560122122836546 0 6.397206930111495 0.9293868557416006 0.8759223008216216 0.7695641982214845 0.5957903629170008 0.35032632652213397 0.12754177904130173 0.022463141384529893 -0.004715818933424473 0.004638685346180729 0.014851687073976595 0.019748426415129947 0.0004316783751372717
196 2156 0.02576058549944 0 6.4274276917351365 0.9472544184099426 0.8956163001734959 0.8099092571500909 0.625048596085263 0.3813511247964169 0.14362294756943197 0.0277259077241663 -0.007440965728856216 0.007967669649568824 0.016606682976744464 0.03506887677391572 0.004449686276349448
197 2167 0.026842792783417845 0 6.3338403666806204 0.9499880164822148 0.895292155302097 0.8050237966451472 0.6413113546589646 0.3880911474489258 0.14464775314146666 0.01577200090360404 0.009259088838204236 0.01773032044701188 0.0199217594291289 0.02664481665716336 -0.007676736905408441
198 2178 0.026842274294232908 0 6.39913634125244 0.9510367546850619 0.8861561879849221 0.79841963348567 0.6276997281617008 0.3725960890618385 0.1407373591316565 0.02801912234072966 0.006288444781917573 0.015185966735076543 0.017906504389014758 0.030862591281312843 -0.0044688572222675565
